100
4
10 5 15 5
2
100 100
8
81 81 81 81 81 81 81 0
6
23 90 40 0 100 9
2
0 0
10
100 0 100 0 100 0 100 0 100 0
10
100 100 100 100 100 100 100 100 100 0
5
4 99 52 70 90
6
69 68 7 12 81 83
7
60 92 7 37 69 41 84
8
5 56 49 49 7 55 46 68
9
96 71 54 3 76 87 79 56 14
10
27 79 89 36 62 29 83 30 57 46
10
67 41 36 62 59 96 39 87 95 34
10
66 33 62 95 45 40 14 1 93 28
10
22 77 42 31 57 29 56 35 48 30
10
17 5 3 25 76 48 66 1 29 29
10
34 96 1 70 58 70 98 6 72 52
10
95 91 51 38 70 27 30 49 49 96
10
17 37 77 40 94 63 90 54 17 61
10
55 10 8 4 34 66 69 17 30 75
10
90 99 31 97 63 71 32 39 90 54
10
42 60 70 76 67 60 37 60 11 39
10
45 49 6 41 49 59 2 75 14 7
10
98 10 29 46 67 23 76 73 34 94
10
17 79 49 85 82 70 84 13 37 32
10
90 12 17 3 20 91 96 26 80 1
10
32 94 14 46 27 33 90 47 63 44
10
2 31 78 64 10 66 15 43 72 31
10
7 73 12 36 98 17 78 65 37 30
10
11 86 42 7 15 19 11 15 63 54
10
9 84 34 14 69 94 9 88 4 26
10
16 86 77 99 78 3 93 73 94 66
10
94 52 0 68 85 92 46 23 2 47
10
68 76 16 66 27 13 64 27 79 62
10
97 97 15 91 38 44 37 1 26 18
10
54 20 72 12 82 67 88 52 96 53
10
61 51 44 55 51 79 3 24 63 60
10
15 78 19 82 30 13 83 63 84 66
10
40 71 64 9 35 53 92 33 45 75
10
99 18 1 26 29 84 17 11 51 28
10
27 70 4 64 12 68 65 43 71 38
10
66 52 62 79 22 65 78 75 6 68
10
85 22 52 30 7 92 80 56 63 33
10
17 6 15 45 56 43 56 0 39 2
10
64 55 40 66 71 16 63 14 20 88
10
20 90 50 49 21 8 1 41 20 82
10
80 92 59 33 0 70 69 85 68 30
10
16 35 35 47 85 7 4 21 43 26
10
66 44 13 35 80 20 51 77 11 83
10
21 54 85 17 35 70 22 67 19 91
10
46 94 38 17 4 1 44 63 36 64
10
21 66 90 48 87 13 29 18 87 60
10
62 52 46 11 18 32 72 37 26 35
10
5 92 89 99 8 19 67 2 46 0
10
47 13 7 8 18 71 95 36 41 62
10
15 57 55 24 62 4 68 87 37 43
10
37 64 15 36 99 47 98 96 34 55
10
55 56 1 82 26 49 71 86 34 52
10
95 19 97 25 33 69 67 80 48 29
10
95 60 25 46 20 89 87 86 11 25
10
21 66 20 91 29 53 61 55 65 32
10
57 87 52 7 5 37 90 89 72 13
10
19 43 6 56 24 33 45 66 4 95
10
76 70 10 76 58 82 85 60 27 9
10
74 50 60 6 10 42 68 10 83 99
10
93 4 60 74 93 70 71 86 83 86
10
29 69 42 12 81 34 94 33 64 82
10
48 72 56 12 53 67 81 46 38 25
10
55 58 42 17 57 33 70 43 85 85
10
39 39 51 97 14 11 68 76 34 17
10
62 71 82 66 65 23 91 24 92 80
10
55 94 79 52 86 97 80 98 47 53
10
50 83 17 55 21 7 47 88 2 89
10
3 32 31 19 32 6 19 66 55 32
10
81 14 22 82 37 81 28 60 84 46
10
4 52 8 23 80 13 66 49 26 7
10
3 39 31 39 8 67 47 70 67 75
10
37 30 14 44 0 10 22 0 92 48
10
53 58 91 51 68 91 45 4 50 6
10
10 82 23 4 6 63 24 25 42 81
10
41 13 1 75 9 19 26 51 19 50
10
0 9 24 31 53 98 63 12 32 18
10
12 61 75 5 70 19 63 8 53 75
10
80 39 55 91 92 82 95 98 57 27
10
43 1 79 83 81 88 29 95 80 72
10
24 16 75 79 33 87 57 23 34 85
10
36 69 72 44 38 57 99 4 35 53
10
84 38 58 63 66 35 87 84 84 91
10
71 28 98 24 82 77 38 12 10 3
10
25 23 31 50 9 96 87 36 19 39
10
73 72 14 87 37 26 83 20 67 72
10
26 96 55 83 91 17 84 27 28 98
10
62 62 3 86 78 6 92 39 23 72
10
54 21 31 27 93 45 12 50 63 63
10
52 91 47 64 0 36 27 51 16 97
10
90 29 22 93 11 20 36 12 53 94
10
56 67 5 28 91 0 51 28 14 64
10
84 86 48 65 48 98 79 33 1 10
10
7 22 45 90 58 63 70 79 21 96
