50
3
1 2 3
2 3 5
3 5 6
2 3 4
1 2 3
3
1 2 3
3 4 5
3 4 5
2 3 4
1 2 3
4
6 8 9 13
9 12 14 16
2 4 6 9
8 10 13 16
4 5 8 12
4 5 8 10
6 8 9 14
2
2 4
2 6
6 8
2
2 4
2 6
4 8
3
2 3 4
2 3 4
3 4 5
3 4 5
1 2 3
8
12 13 16 18 22 24 26 27
2 3 5 6 7 8 10 12
2 4 5 7 8 9 11 13
8 11 13 14 18 19 21 23
9 13 14 15 17 19 22 24
7 10 12 13 16 17 18 22
3 5 7 9 11 13 14 16
6 8 10 11 14 15 17 20
5 7 9 10 12 13 14 16
10 12 14 16 20 22 24 26
11 14 16 17 18 21 24 26
13 16 18 20 22 23 26 27
7 9 10 11 13 14 16 18
8 11 12 14 16 18 20 22
5 6 9 10 12 14 16 18
2
1 3
1 2
3 4
2
8 9
8 9
4 8
4
3 5 6 12
1 2 3 7
8 9 11 13
7 10 12 13
2 4 5 10
3 5 6 11
2 4 5 9
4
6 19 20 21
49 80 102 122
19 44 63 80
23 44 59 79
26 63 80 90
21 79 90 122
20 59 80 102
3
7 10 12
10 13 18
9 12 18
4 7 10
5 10 13
4
1 2 3 4
2 6 10 14
9 10 11 12
4 8 12 16
1 5 9 13
13 14 15 16
5 6 7 8
2
22 222
2 22
22 222
10
10 12 14 16 18 19 21 23 25 26
10 13 15 16 18 19 22 23 25 26
12 15 17 18 20 21 23 25 27 29
4 7 9 10 12 15 17 18 19 21
6 8 10 11 14 16 18 19 21 23
16 18 19 21 23 25 26 29 31 32
14 16 20 21 23 25 27 28 31 33
14 17 18 19 22 23 25 27 28 31
5 7 9 10 12 14 16 18 20 21
4 6 7 8 10 12 13 15 16 17
11 13 16 18 20 22 23 25 26 27
12 15 18 20 22 23 25 27 29 31
8 10 12 14 15 18 20 22 23 24
9 11 12 14 15 18 20 22 23 24
7 8 10 11 14 16 18 20 21 22
17 20 21 23 24 26 27 31 33 34
2 4 5 7 9 10 12 14 16 17
2 3 4 6 8 10 11 12 14 15
3 6 7 8 11 13 15 17 18 20
4
4 5 6 7
2 4 6 8
4 5 7 9
5 6 9 10
2 4 5 6
6 7 11 13
6 7 9 11
10
51 68 96 134 156 169 187 188 220 229
42 69 87 96 107 120 123 125 141 142
81 108 125 185 219 241 265 285 297 306
51 75 110 134 143 155 166 185 188 191
78 144 156 187 191 233 234 265 287 297
57 99 119 156 166 184 208 219 232 237
16 28 42 51 57 76 78 98 109 120
71 88 123 166 208 225 234 259 271 284
120 180 220 229 254 263 284 306 315 343
40 51 69 75 99 119 144 145 169 180
16 40 45 51 52 60 71 81 95 106
106 130 142 191 237 245 297 314 331 343
98 145 176 188 202 245 259 285 306 314
109 169 200 220 230 248 271 297 307 331
52 71 107 143 166 172 191 202 230 254
95 126 141 188 232 243 287 306 307 315
60 80 120 155 184 208 233 245 248 263
76 119 141 169 172 208 225 241 243 245
45 61 87 110 119 141 156 176 200 220
4
2 3 4 5
3 4 5 6
4 5 6 7
4 5 6 7
3 4 5 6
1 2 3 4
2 3 4 5
5
3 7 10 14 18
9 12 15 18 22
3 6 9 12 15
18 20 22 26 29
14 15 18 22 26
10 13 15 20 24
7 9 12 16 17
15 17 24 26 29
6 9 13 15 20
7
3 7 9 12 15 17 18
13 17 20 22 23 28 29
7 12 14 15 19 22 23
4 7 8 10 12 16 19
14 19 21 23 28 29 32
7 10 14 15 18 22 23
6 8 12 14 16 20 22
16 18 22 23 26 31 32
13 16 19 22 25 28 31
10 12 17 19 22 23 26
2 4 5 7 10 13 16
5 9 12 14 17 19 21
10 15 16 18 22 25 28
10
9 12 15 17 20 22 25 28 29 32
9 13 21 22 26 29 32 33 34 42
6 8 15 17 20 23 26 28 31 36
6 9 12 15 18 21 24 25 26 28
15 19 26 29 32 33 38 41 42 50
11 15 17 20 23 26 27 31 32 35
20 27 33 36 39 42 44 47 50 52
12 18 21 23 25 29 31 32 33 37
1 2 5 6 7 9 11 13 15 17
11 14 24 25 27 31 34 37 39 44
17 21 28 32 35 37 40 42 43 52
16 22 27 28 31 33 37 39 41 42
18 24 30 31 32 34 39 41 42 43
3 5 6 8 10 13 14 16 19 21
13 16 25 28 31 32 36 39 41 47
5 6 12 15 17 21 24 27 30 33
7 10 18 20 23 25 29 31 32 39
2 5 9 12 15 18 20 22 24 27
14 20 24 26 29 32 34 36 38 40
6
7 8 13 14 17 22
14 17 19 22 24 26
7 8 10 13 16 19
3 6 8 9 13 17
11 13 16 17 22 24
10 13 16 19 22 24
12 15 19 20 24 26
2 4 7 8 11 14
5 7 10 11 16 19
8 9 11 14 19 20
4 6 7 8 13 15
2
7 11
4 11
3 7
9
14 20 22 24 27 32 35 42 43
24 26 28 30 33 39 41 49 51
23 24 27 32 34 39 46 49 53
14 18 23 24 26 30 40 43 45
32 35 44 45 51 53 55 60 65
5 13 16 18 21 24 27 33 35
27 32 37 40 45 46 50 53 56
18 21 26 27 32 33 45 48 51
30 35 41 43 49 51 56 60 65
9 17 21 23 26 27 30 37 41
19 22 23 26 32 34 38 44 49
28 33 37 42 44 49 53 55 60
12 16 21 22 23 28 37 42 44
31 34 42 43 48 49 51 55 60
26 27 30 35 38 41 50 51 55
4 5 9 14 19 24 27 31 32
8 13 17 20 22 26 32 34 35
4
4 5 8 11
6 8 11 14
7 11 13 16
6 9 11 13
4 5 9 12
7 12 14 16
2 4 6 7
5
11 13 19 23 26
2 5 9 10 12
12 13 24 26 30
5 6 10 13 16
8 10 16 20 24
3 6 11 12 13
14 16 20 25 30
10 12 20 23 25
2 3 8 11 14
7
16 20 24 28 35 40 43
9 14 18 22 23 27 28
11 15 19 25 29 30 32
14 18 23 29 32 35 39
3 7 10 12 14 16 19
7 10 14 15 16 20 24
10 13 18 19 21 24 26
12 16 22 25 26 28 29
14 16 21 26 32 36 40
19 23 28 32 40 43 44
17 24 26 29 39 43 44
5 10 13 16 18 20 23
3 5 9 11 14 16 17
10
1 2 3 4 5 6 7 8 9 10
8 18 28 38 48 58 68 78 88 98
2 12 22 32 42 52 62 72 82 92
71 72 73 74 75 76 77 78 79 80
10 20 30 40 50 60 70 80 90 100
91 92 93 94 95 96 97 98 99 100
7 17 27 37 47 57 67 77 87 97
5 15 25 35 45 55 65 75 85 95
81 82 83 84 85 86 87 88 89 90
31 32 33 34 35 36 37 38 39 40
41 42 43 44 45 46 47 48 49 50
3 13 23 33 43 53 63 73 83 93
61 62 63 64 65 66 67 68 69 70
21 22 23 24 25 26 27 28 29 30
51 52 53 54 55 56 57 58 59 60
9 19 29 39 49 59 69 79 89 99
1 11 21 31 41 51 61 71 81 91
4 14 24 34 44 54 64 74 84 94
6 16 26 36 46 56 66 76 86 96
7
2 3 4 5 6 7 8
1 2 3 4 5 6 7
3 4 5 6 7 8 9
7 8 9 10 11 12 13
2 3 4 5 6 7 8
5 6 7 8 9 10 11
3 4 5 6 7 8 9
5 6 7 8 9 10 11
1 2 3 4 5 6 7
4 5 6 7 8 9 10
6 7 8 9 10 11 12
4 5 6 7 8 9 10
6 7 8 9 10 11 12
4
8 13 15 17
1 4 7 9
7 10 14 16
4 5 9 10
9 10 16 17
4 5 10 13
1 4 7 8
8
5 8 12 15 17 21 23 26
7 10 17 18 19 25 28 31
6 7 8 9 10 11 12 13
12 19 23 25 28 30 32 33
11 13 23 25 27 30 33 37
15 20 26 28 31 32 34 37
4 7 10 13 16 18 19 20
11 18 21 24 25 26 28 30
6 9 14 17 18 24 25 28
8 13 15 17 18 21 22 25
8 11 19 21 24 26 30 32
3 4 5 6 7 8 10 11
3 6 7 8 10 11 12 15
7 10 12 14 17 19 21 23
10 12 21 22 26 28 32 34
2
1 4
1 2
4 6
6
8 10 12 13 14 15
1 2 3 5 7 9
5 7 9 10 13 14
1 3 4 6 8 10
7 8 11 12 14 16
9 11 13 14 15 18
2 4 5 8 10 11
4 5 8 9 11 13
3 4 6 7 8 11
10 11 13 14 16 18
3 6 8 9 12 13
4
4 6 9 11
7 11 13 17
9 11 17 20
8 9 13 15
2 4 7 10
2 5 8 9
5 6 11 13
3
3 4 5
2 3 4
2 3 4
1 2 3
1 2 3
7
6 11 15 18 20 21 32
3 8 12 13 14 15 27
23 24 26 29 31 33 34
1 2 3 4 5 6 22
22 25 27 28 30 32 34
2 7 8 9 10 11 24
4 9 13 16 17 18 29
5 10 14 17 19 20 31
3 8 12 13 14 15 26
1 2 3 4 5 6 23
4 9 13 16 17 18 28
2 7 8 9 10 11 25
5 10 14 17 19 20 30
7
74 99 113 131 142 188 210
17 42 43 61 74 78 81
59 60 81 102 113 137 145
88 124 150 172 210 224 226
34 48 64 84 99 120 125
65 90 92 120 131 153 178
61 84 102 120 129 164 172
78 120 137 153 169 207 224
42 48 60 90 106 109 124
72 106 125 129 142 169 181
43 64 81 92 125 140 150
78 109 140 164 188 207 210
81 125 145 178 181 210 226
2
2 22
2 22
22 222
10
9 17 24 30 35 39 42 44 45 63
4 12 19 25 26 27 28 29 30 52
3 11 18 19 20 21 22 23 24 50
6 14 21 27 32 36 37 38 39 57
5 13 20 26 31 32 33 34 35 54
3 11 18 19 20 21 22 23 24 51
2 10 11 12 13 14 15 16 17 48
47 49 51 52 55 56 58 61 62 64
7 15 22 28 33 37 40 41 42 58
8 16 23 29 34 38 41 43 44 61
46 48 50 53 54 57 59 60 63 64
6 14 21 27 32 36 37 38 39 56
4 12 19 25 26 27 28 29 30 53
2 10 11 12 13 14 15 16 17 49
1 2 3 4 5 6 7 8 9 46
5 13 20 26 31 32 33 34 35 55
7 15 22 28 33 37 40 41 42 59
9 17 24 30 35 39 42 44 45 62
8 16 23 29 34 38 41 43 44 60
9
12 15 23 26 31 36 38 40 45
6 12 16 19 23 25 30 33 37
9 17 21 23 26 30 31 34 42
21 27 37 42 45 49 56 59 64
11 14 19 23 29 34 37 38 41
5 7 9 14 15 17 19 24 27
13 17 25 30 34 37 40 41 49
2 5 6 9 13 18 20 21 22
14 19 30 31 35 42 47 51 55
21 28 34 38 40 41 51 57 59
7 9 16 21 25 28 32 34 36
19 24 33 34 39 45 52 57 59
18 22 28 34 36 37 42 45 49
2 6 7 11 12 13 14 19 21
6 7 12 17 20 22 26 28 32
20 26 32 37 38 40 47 52 56
13 20 25 29 31 34 35 39 45
10
5 6 7 8 9 10 11 12 13 14
3 4 5 6 7 8 9 10 11 12
2 3 4 5 6 7 8 9 10 11
8 9 10 11 12 13 14 15 16 17
6 7 8 9 10 11 12 13 14 15
10 11 12 13 14 15 16 17 18 19
2 3 4 5 6 7 8 9 10 11
4 5 6 7 8 9 10 11 12 13
1 2 3 4 5 6 7 8 9 10
7 8 9 10 11 12 13 14 15 16
4 5 6 7 8 9 10 11 12 13
3 4 5 6 7 8 9 10 11 12
10 11 12 13 14 15 16 17 18 19
9 10 11 12 13 14 15 16 17 18
8 9 10 11 12 13 14 15 16 17
7 8 9 10 11 12 13 14 15 16
9 10 11 12 13 14 15 16 17 18
6 7 8 9 10 11 12 13 14 15
1 2 3 4 5 6 7 8 9 10
5
4 5 8 11 12
11 13 14 19 20
4 8 11 13 14
3 5 9 11 13
7 9 11 14 15
2 3 4 6 7
2 4 7 9 11
7 12 15 19 20
6 11 14 16 19
7
43 44 45 46 47 48 49
22 23 24 25 26 27 28
5 12 19 26 33 40 47
2 9 16 23 30 37 44
6 13 20 27 34 41 48
1 2 3 4 5 6 7
7 14 21 28 35 42 49
15 16 17 18 19 20 21
29 30 31 32 33 34 35
36 37 38 39 40 41 42
8 9 10 11 12 13 14
4 11 18 25 32 39 46
1 8 15 22 29 36 43
6
3 7 9 10 13 15
3 7 9 14 15 20
7 12 15 18 21 23
13 23 26 27 33 40
15 21 25 31 33 38
10 21 24 26 31 36
9 16 19 24 25 29
7 12 16 21 23 27
9 15 19 24 26 32
14 18 24 26 27 36
15 27 32 36 38 41
7
9 12 13 17 19 21 22
3 6 8 10 11 12 15
5 8 9 12 13 15 16
11 14 15 18 20 22 23
6 9 11 14 16 18 20
6 8 9 11 12 13 15
11 12 15 18 20 21 22
8 11 12 15 17 20 21
13 15 16 20 21 22 23
7 10 12 14 15 17 18
2 4 6 7 9 11 13
2 3 5 6 8 9 11
4 6 8 9 11 12 14
5
5 7 9 10 13
4 6 7 9 11
8 9 10 13 15
4 6 8 9 12
10 12 13 15 16
2 4 6 8 10
6 8 9 11 12
6 9 11 13 15
2 4 5 6 7
2
6 8
4 8
2 4
10
15 19 25 30 31 35 39 45 48 49
14 16 22 23 25 29 31 36 39 44
2 5 11 14 16 20 25 26 28 30
18 20 25 27 30 31 35 37 43 46
5 7 12 18 22 25 27 31 32 36
18 24 33 37 39 43 47 48 53 55
17 22 29 32 36 37 43 47 52 54
11 14 18 19 23 26 30 32 37 41
1 4 8 11 14 18 21 22 25 28
25 28 32 35 37 44 48 52 53 55
8 11 12 16 20 21 25 29 33 36
4 5 7 9 13 14 19 22 24 25
1 2 5 6 9 12 15 17 18 21
28 30 36 38 39 47 49 54 55 56
21 25 27 31 34 38 39 43 47 49
9 13 20 23 25 30 34 36 37 39
6 9 16 19 23 27 31 32 35 38
12 14 21 26 29 31 38 41 44 47
21 25 36 41 44 46 49 51 55 56
3
5 8 11
11 17 19
11 14 19
8 13 14
8 13 17
2
6 8
4 8
2 6
