100
5 111111
6 6300001
3 0001
5 112211
6 8000001
6 2055494
2 018
6 0275001
2 001
6 9163948
6 5007001
5 803071
6 2090005
6 1941293
6 1100111
4 11111
5 531032
6 5000501
6 1800075
5 112111
0 1
6 0000001
6 0000001
5 800071
2 121
3 0002
6 0000001
5 101221
6 7200008
1 46
6 0001111
6 0006061
6 2222212
1 01
3 9001
2 153
6 2122021
6 0000001
6 0000061
1 09
6 0000001
6 0000001
6 9453596
5 000003
3 2011
5 110011
6 2000006
4 00021
6 2080004
6 7805619
6 9000102
0 2
6 2202201
6 0000001
6 1111111
3 0001
6 0007101
6 2110221
0 1
6 6000081
6 5373089
2 841
3 2102
4 22221
6 3482451
0 1
6 1030001
1 61
3 0901
6 0000004
4 78891
4 70001
3 5006
0 1
1 21
6 9999999
6 5200901
2 508
6 2761738
6 0000301
0 1
6 2201221
0 5
6 2122121
6 9000221
6 1220101
0 1
5 060001
6 1007507
6 0000031
6 1111121
6 0900001
6 2080011
1 61
6 2394839
6 0601629
6 8000001
6 3303004
5 018143
4 00009
