100
1 1
1 4 3 2
1 3
1 8 2 7 3 4 5 6
2 2
8 1 4 5 2 3 7 6
1 1
1 3 2 4
8 2
19 4 2 1 5 18 20 3 7 10 12 13 6 17 11 14 15 16 8 9
8 2
1 20 12 13 17 6 8 15 4 3 11 14 16 7 9 10 2 19 18 5
3 1
6 7 3 2 1 8 5 4
8 2
8 7 3 20 14 15 6 17 11 10 4 19 12 9 2 1 13 16 18 5
4 1
3 4 8 5 6 7 9 10 1 2
4 1
8 7 6 9 4 5 2 1 10 3
2 3
5 6 9 10 3 4 2 1 7 8
1 4
10 1 7 4 9 2 6 5 8 3
2 8
12 9 16 3 18 19 11 10 4 15 7 8 20 17 6 13 14 5 2 1
1 5
4 3 2 5 9 12 11 10 8 7 6 1
1 8
9 8 1 16 6 11 3 14 15 2 10 7 18 17 5 12 13 4
5 1
9 4 2 1 12 3 10 11 6 5 8 7
2 4
7 6 3 2 4 11 8 9 5 10 12 1
2 8
12 7 1 20 18 15 4 3 13 6 2 19 16 17 8 11 5 14 9 10
2 8
20 19 17 2 5 6 18 1 13 12 16 3 10 7 8 9 11 14 15 4
1 3
1 2 7 6 4 3 8 5
2 1
4 3 1 2 5 6
2 1
4 3 1 6 2 5
1 4
10 1 3 4 9 7 5 8 6 2
8 1
1 18 10 11 12 13 2 3 7 6 8 9 16 17 15 14 5 4
4 2
5 4 9 8 3 10 6 7 12 11 2 1
2 2
4 5 2 7 6 3 8 1
2 4
3 10 9 4 6 7 2 11 8 5 12 1
2 8
17 20 3 2 15 16 14 5 18 19 10 9 6 13 12 7 4 1 8 11
16 1
2 1 33 4 27 10 26 11 3 34 20 17 28 9 12 25 6 31 32 5 15 22 29 8 19 18 23 14 30 7 16 21 13 24
16 1
12 11 33 32 8 7 26 25 10 1 29 34 17 18 13 16 27 28 14 15 19 24 30 31 3 2 21 22 20 23 4 9 5 6
8 2
20 17 3 2 18 19 4 1 16 7 5 6 13 10 12 11 15 8 9 14
2 4
3 8 9 2 10 11 12 1 4 7 6 5
3 5
12 11 7 4 15 10 2 3 14 13 1 16 9 8 5 6
8 2
8 15 17 18 1 20 5 4 7 16 6 3 14 9 19 2 11 12 10 13
3 2
8 9 10 1 2 3 5 4 6 7
1 8
10 9 17 18 12 11 5 4 3 14 7 8 2 1 6 13 15 16
4 2
5 6 9 8 10 3 11 2 12 1 7 4
2 8
12 5 7 10 16 1 20 17 19 18 13 4 14 3 6 11 2 15 9 8
4 1
7 6 2 3 4 9 1 10 5 8
2 6
15 14 11 4 1 2 3 12 6 7 10 5 16 13 9 8
1 4
4 5 8 7 10 9 3 6 2 1
15 1
1 32 16 19 21 20 29 4 17 18 12 11 25 26 13 14 31 2 8 7 28 27 15 22 6 5 23 24 3 30 9 10
8 2
10 15 2 1 7 6 13 14 3 20 4 5 8 9 18 17 11 12 16 19
8 2
11 14 1 20 4 3 12 13 18 5 6 17 8 15 7 16 19 2 9 10
2 8
18 19 11 10 13 6 1 2 9 12 3 16 7 8 15 4 17 20 5 14
4 2
7 10 5 12 1 4 3 2 6 11 9 8
2 4
1 12 7 6 2 3 11 10 4 9 8 5
8 2
18 5 3 20 12 13 4 19 16 15 6 17 11 14 1 2 8 9 10 7
2 3
4 3 10 7 6 1 8 9 2 5
8 2
8 15 10 11 17 6 7 16 12 9 20 19 14 13 18 5 2 3 4 1
4 4
8 9 16 1 3 14 4 13 6 11 12 5 10 7 2 15
8 2
13 14 8 7 6 15 10 9 3 20 5 4 1 2 19 18 16 17 12 11
4 4
7 10 11 12 6 5 16 15 8 9 13 14 4 1 3 2
3 5
10 11 15 14 6 5 1 16 4 7 12 3 8 9 13 2
12 1
21 6 3 24 9 20 26 25 12 15 8 7 10 17 18 19 16 11 5 4 2 1 14 13 22 23
2 8
12 11 9 6 10 15 17 4 16 5 18 3 2 1 7 8 20 19 13 14
3 5
6 5 13 14 12 15 11 16 10 1 4 7 8 3 9 2
2 4
4 3 1 2 9 12 6 7 8 5 10 11
4 1
4 1 6 5 10 9 2 3 7 8
4 4
7 6 4 5 9 10 12 13 14 11 2 3 1 16 8 15
4 3
6 7 14 13 10 9 3 2 8 5 1 4 11 12
4 2
1 12 6 7 5 10 3 2 8 9 4 11
2 7
5 6 18 1 9 10 2 17 16 15 8 7 3 12 13 14 11 4
2 4
3 2 9 8 1 12 11 6 7 10 4 5
1 2
3 4 6 5 1 2
16 1
27 10 26 25 11 24 17 18 2 1 3 4 19 20 29 28 33 34 30 7 23 14 13 12 5 32 8 9 16 15 21 22 31 6
2 4
12 9 7 4 8 3 10 11 5 6 1 2
2 1
6 1 5 2 3 4
2 4
12 11 2 1 4 3 5 6 7 8 10 9
2 8
11 10 4 15 6 13 12 9 14 5 17 20 19 18 2 1 7 8 3 16
4 4
10 9 7 8 13 12 15 16 14 5 11 6 4 3 2 1
2 1
6 1 3 2 4 5
1 13
7 6 3 2 22 27 20 21 25 24 14 15 4 5 12 13 1 28 19 16 17 18 11 10 26 23 8 9
5 3
2 5 15 6 8 9 14 11 13 12 16 1 4 3 7 10
4 2
2 3 7 6 1 8 10 9 4 5 11 12
2 8
8 5 6 7 11 10 4 15 3 16 13 14 12 9 2 17 20 19 18 1
1 1
3 2 1 4
4 1
1 2 9 10 6 7 5 4 3 8
12 1
25 4 2 3 10 19 23 6 21 20 26 1 13 14 24 5 16 15 22 7 8 9 11 18 12 17
2 5
1 2 11 10 3 4 6 5 9 14 7 8 13 12
8 2
13 14 19 20 1 4 7 16 5 18 2 3 12 9 10 11 17 6 8 15
4 1
3 10 8 7 9 4 5 6 1 2
1 3
4 3 1 8 5 2 6 7
16 1
33 4 31 32 8 9 12 23 18 17 1 2 16 15 11 10 6 5 25 24 14 21 26 27 13 22 29 30 3 34 28 7 19 20
8 1
6 5 10 9 7 8 2 1 4 3 11 12 13 14 17 18 15 16
4 3
12 13 4 9 2 3 14 1 5 6 8 7 11 10
2 8
17 18 5 14 4 15 9 8 11 12 3 16 20 1 13 6 10 7 2 19
5 3
16 1 7 10 13 4 5 12 3 14 11 6 8 9 15 2
2 8
14 5 18 17 2 19 3 16 12 11 4 15 6 13 10 7 1 20 9 8
8 1
9 8 15 14 10 7 3 2 5 4 18 17 11 6 12 13 16 1
6 1
1 12 3 2 8 5 6 7 10 11 14 13 9 4
2 4
10 3 7 6 2 11 12 1 8 5 9 4
2 1
3 6 2 1 4 5
9 1
13 14 7 6 9 8 3 10 11 2 12 17 16 15 18 19 1 20 4 5
2 3
6 7 8 9 2 5 1 10 4 3
3 3
4 5 8 9 11 10 7 6 2 3 1 12
1 3
8 1 7 2 3 4 6 5
14 1
26 9 10 11 20 21 4 5 12 13 7 6 1 30 2 3 8 29 17 18 25 24 23 22 15 14 16 19 28 27
8 1
13 12 3 4 1 2 5 16 10 11 6 15 18 17 8 9 7 14
8 1
14 5 2 1 8 11 7 6 4 15 16 3 10 9 12 13 17 18
