100
2 3 2
1 1 1
2 1 2
3 2 3
2 4 2
1 3 1
84 8 84
4 13 4
100 1 100
26 8 26
2 5 2
19 5 19
3 4 3
1 2 1
95 2 95
1 100 1
4 20 4
3 12 3
100 9 100
38 6 38
20 11 20
44 4 44
2 52 2
1 4 1
2 55 2
8 5 8
28 12 28
4 2 4
98 8 98
59 8 59
94 7 94
10 18 10
9 16 9
28 10 28
30 10 30
90 3 90
52 9 52
4 28 4
12 8 12
29 4 29
100 3 100
58 2 58
99 1 99
36 6 36
39 11 39
3 28 3
56 10 56
3 37 3
29 11 29
39 1 39
1 41 1
20 8 20
52 5 52
52 8 52
30 8 30
3 1 3
4 1 4
13 6 13
14 5 14
2 2 2
10 17 10
4 29 4
37 1 37
85 7 85
1 23 1
14 7 14
75 4 75
77 4 77
2 56 2
35 11 35
100 4 100
65 5 65
3 3 3
6 15 6
2 59 2
1 6 1
35 1 35
4 4 4
14 10 14
56 4 56
22 13 22
80 8 80
70 7 70
34 11 34
10 5 10
25 3 25
4 3 4
98 4 98
1 8 1
13 3 13
43 6 43
79 6 79
100 2 100
100 8 100
1 26 1
22 1 22
24 5 24
1 67 1
9 12 9
20 3 20
