100
1
19
23
40302000001
1010001
11111110000001
777700700001
1000000
777700007001
23456789012345
70368744177664
999990
2147483648
777700070001
21098765432109
10010001
777770000001
777700007000
10010000
999999
77777777
504030200000
32109876543210
10000000000000
54321098765432
98765432109876
268435456
45678901234567
77777777777777
100000000000000
777700700000
777777777777
8589934592
89012345678901
200000001
100010001
4294967296
17179869184
504030200001
100010000
200000000
9999999
68719476736
67890123456789
78901234567890
536870912
137438953472
34359738368
17592186044416
10000000000001
33554432
8796093022208
999998
10987654321098
1000001
11111110000000
10001001
100100001
274877906944
1099511627776
99999999999999
777777777
9999999999999
777700000001
65432109876543
3020000001
12345678901234
56789012345678
10001000
1073741824
777700000000
999991
777707000000
40302000000
777707000001
7777777777777
77777777777
7777777777
35184372088832
76543210987654
4398046511104
10000000
19999999999999
20000000000001
1010000
87654321098765
999989
777700070000
777770000000
16777216
67108864
134217728
3020000000
100100000
549755813888
20000000000000
2199023255552
90123456789012
34567890123456
43210987654321
