100
1
19
23
999899
998999
999900
100001
100
1998
999991
11011
678901
989999
99
11001
10001
11100
10010
12001
20
22
7
11110
990001
100000
990000
999990
1999
999999
19
1110
16384
2200
10011
10999
999989
8192
900000
21
2000
10100
345678
999901
99000
10
11
1000000
1099
11111
102
10111
901
999
99001
11010
109876
111
900
9999
11101
2101
10110
999998
1111
30
200
999001
999000
110
91
1101
2002
899999
201
2201
10000
4
199
11000
32
101000
29
1100
12
1000
567890
900001
31
90
8
234567
101001
9
1001
10101
101
2001
2
12000
2100
