99
6 2 0 2 0 2 0
3 1 0 2 0 0 0
3 1 0 1 0 1 0
498 214 0 115 0 169 0
448 194 0 138 0 116 0
999 250 0 499 0 250 0
937 297 0 200 0 440 0
783 284 0 194 0 305 0
312 124 0 138 0 50 0
531 51 0 236 0 244 0
4 1 0 0 0 3 0
999 333 0 333 0 333 0
4 2 0 2 0 0 0
861 287 0 199 0 375 0
586 190 0 125 0 271 0
635 134 0 211 0 290 0
980 86 0 407 0 487 0
999 500 0 0 0 499 0
327 71 0 146 0 110 0
132 44 0 41 0 47 0
519 185 0 262 0 72 0
383 153 0 97 0 133 0
4 0 0 2 0 2 0
30 14 0 1 0 15 0
413 183 0 118 0 112 0
999 249 0 500 0 250 0
480 165 0 108 0 207 0
498 174 0 77 0 247 0
432 200 0 146 0 86 0
498 237 0 54 0 207 0
80 43 0 31 0 6 0
803 397 0 343 0 63 0
529 452 0 23 0 54 0
897 309 0 196 0 392 0
703 346 0 350 0 7 0
264 8 0 132 0 124 0
629 278 0 57 0 294 0
750 371 0 21 0 358 0
746 108 0 282 0 356 0
52 10 0 17 0 25 0
4 1 0 1 0 2 0
5 2 0 0 0 3 0
202 146 0 4 0 52 0
728 360 0 195 0 173 0
784 287 0 363 0 134 0
1000 500 0 250 0 250 0
5 1 0 2 0 2 0
4 2 0 1 0 1 0
13 3 0 5 0 5 0
858 41 0 689 0 128 0
199 44 0 69 0 86 0
6 1 0 2 0 3 0
1000 0 0 500 0 500 0
268 65 0 128 0 75 0
15 6 0 3 0 6 0
420 185 0 84 0 151 0
1000 334 0 333 0 333 0
667 309 0 150 0 208 0
988 301 0 363 0 324 0
549 210 0 216 0 123 0
7 2 0 3 0 2 0
999 499 0 1 0 499 0
517 149 0 141 0 227 0
3 3 0 0 0 0 0
885 194 0 383 0 308 0
6 3 0 3 0 0 0
247 118 0 103 0 26 0
674 229 0 113 0 332 0
728 357 0 69 0 302 0
570 182 0 202 0 186 0
99 48 0 6 0 45 0
245 77 0 151 0 17 0
4 1 0 2 0 1 0
297 55 0 126 0 116 0
607 281 0 245 0 81 0
661 216 0 285 0 160 0
662 317 0 270 0 75 0
5 1 0 1 0 3 0
957 285 0 124 0 548 0
852 381 0 76 0 395 0
464 95 0 180 0 189 0
448 155 0 116 0 177 0
780 365 0 378 0 37 0
517 200 0 142 0 175 0
1000 499 0 501 0 0 0
676 104 0 243 0 329 0
675 465 0 164 0 46 0
266 214 0 44 0 8 0
713 430 0 6 0 277 0
886 153 0 364 0 369 0
328 89 0 134 0 105 0
48 16 0 20 0 12 0
480 227 0 213 0 40 0
428 190 0 204 0 34 0
961 290 0 275 0 396 0
366 65 0 118 0 183 0
1000 499 0 500 0 1 0
886 152 0 415 0 319 0
560 16 0 271 0 273 0
