99
6 2 0 2 0 2 0
3 1 0 2 0 0 0
50 24 0 13 0 13 0
670 324 0 26 0 320 0
396 110 0 136 0 150 0
47 0 0 46 0 1 0
1000 499 0 501 0 0 0
4 2 0 1 0 1 0
580 294 0 161 0 125 0
576 144 0 3 0 429 0
197 10 0 95 0 92 0
999 249 0 500 0 250 0
5 0 0 2 0 3 0
490 121 0 164 0 205 0
839 330 0 137 0 372 0
447 118 0 148 0 181 0
931 286 0 321 0 324 0
364 161 0 104 0 99 0
4 2 0 0 0 2 0
474 194 0 114 0 166 0
951 130 0 440 0 381 0
188 26 0 86 0 76 0
902 322 0 392 0 188 0
992 382 0 134 0 476 0
651 265 0 263 0 123 0
117 26 0 42 0 49 0
740 312 0 94 0 334 0
250 114 0 102 0 34 0
315 122 0 142 0 51 0
748 44 0 372 0 332 0
999 333 0 333 0 333 0
694 293 0 296 0 105 0
788 91 0 344 0 353 0
180 14 0 6 0 160 0
489 179 0 94 0 216 0
6 3 0 2 0 1 0
313 114 0 180 0 19 0
658 223 0 133 0 302 0
20 5 0 10 0 5 0
6 3 0 0 0 3 0
256 109 0 117 0 30 0
796 148 0 386 0 262 0
166 41 0 67 0 58 0
614 143 0 205 0 266 0
312 86 0 93 0 133 0
588 151 0 160 0 277 0
48 18 0 20 0 10 0
1000 500 0 499 0 1 0
752 354 0 246 0 152 0
509 247 0 237 0 25 0
1000 0 0 500 0 500 0
988 445 0 487 0 56 0
999 500 0 0 0 499 0
574 214 0 202 0 158 0
3 1 0 1 0 1 0
5 1 0 2 0 2 0
344 114 0 122 0 108 0
957 342 0 231 0 384 0
178 80 0 44 0 54 0
114 10 0 49 0 55 0
66 14 0 19 0 33 0
4 1 0 2 0 1 0
989 112 0 688 0 189 0
576 286 0 256 0 34 0
979 261 0 266 0 452 0
434 199 0 101 0 134 0
781 178 0 563 0 40 0
678 329 0 274 0 75 0
212 97 0 51 0 64 0
724 357 0 93 0 274 0
438 175 0 159 0 104 0
4 0 0 3 0 1 0
254 114 0 39 0 101 0
825 381 0 104 0 340 0
1000 250 0 500 0 250 0
955 699 0 212 0 44 0
727 351 0 183 0 193 0
999 499 0 250 0 250 0
4 1 0 1 0 2 0
935 846 0 1 0 88 0
299 90 0 72 0 137 0
5 1 0 3 0 1 0
644 158 0 210 0 276 0
999 499 0 1 0 499 0
3 0 0 3 0 0 0
1000 333 0 333 0 334 0
725 306 0 252 0 167 0
602 155 0 222 0 225 0
699 306 0 151 0 242 0
7 3 0 2 0 2 0
234 89 0 60 0 85 0
779 248 0 250 0 281 0
100 49 0 36 0 15 0
394 141 0 114 0 139 0
371 82 0 133 0 156 0
95 39 0 32 0 24 0
38 19 0 7 0 12 0
281 97 0 184 0 0 0
658 286 0 55 0 317 0
