100
2 4
10 5
3 12
7 7 7
3 12
4 2 1
5 1000000000
25 25 25 25 25
2 2
1 1
5 5
1 1 1 1 1
5 448257424
1 2 3 4 5
5 915742169
18 7 21 11 25
5 538483757
14 14 14 14 14
5 328063498
3 3 3 3 3
5 348928273
1 1 1 1 1
5 111927948
12 12 12 12 12
5 221512967
5 5 5 5 5
5 420269866
13 13 13 13 13
5 167248605
9 9 9 9 9
5 383204285
15 15 15 15 15
5 234168063
8 8 8 8 8
5 774650324
25 25 25 25 25
5 276087440
1 1 1 1 1
5 351849180
17 17 17 17 17
5 362105547
2 2 2 2 2
5 921996034
18 18 18 18 18
5 794651994
17 17 17 17 17
5 168063308
19 19 19 19 19
5 207051666
9 9 9 9 9
5 444946221
15 15 15 15 15
5 431281469
12 12 12 12 12
5 698204407
20 20 20 20 20
5 763770530
14 14 14 14 14
5 370993066
9 9 9 9 9
5 22401386
5 5 5 5 5
5 18935674
3 3 3 3 3
5 635421743
9 9 9 9 9
5 227159850
1 2 3 4 5
5 368180671
1 2 3 4 5
5 586392584
1 2 3 4 5
5 233984180
1 2 3 4 5
5 954178030
1 2 3 4 5
5 651675819
1 2 3 4 5
5 11166488
1 2 3 4 5
5 671421474
1 2 3 4 5
5 934562156
1 2 3 4 5
5 899087694
1 2 3 4 5
5 888189423
1 2 3 4 5
5 497789165
1 2 3 4 5
5 535368838
1 2 3 4 5
5 741896303
1 2 3 4 5
5 602872417
1 2 3 4 5
5 236927117
1 2 3 4 5
5 492153131
1 2 3 4 5
5 239438981
1 2 3 4 5
5 751482748
1 2 3 4 5
5 298357371
1 2 3 4 5
5 210860999
1 2 3 4 5
5 463575136
1 2 3 4 5
5 591215708
1 2 3 4 5
5 355331623
1 2 3 4 5
5 984131411
1 2 3 4 5
5 522332650
22 1 17 18 7
5 286259290
5 21 15 10 11
5 119821797
23 24 3 5 6
5 421625752
3 11 14 14 12
5 320454411
15 9 16 17 11
5 278768893
1 3 16 15 1
5 202235563
22 19 18 25 24
5 366901315
16 17 19 4 7
5 382162185
4 8 3 11 19
5 838219126
4 19 17 21 14
5 209880040
7 22 4 23 1
5 590187004
22 23 16 1 15
5 645642426
13 24 18 17 25
5 999656980
17 1 20 20 3
5 913359310
2 1 13 10 25
5 707881378
14 14 25 10 21
5 810547486
18 25 6 1 2
5 319149360
14 5 2 19 20
5 749332311
18 12 18 25 10
5 739884499
16 20 22 15 25
5 270665947
18 17 12 9 5
5 991915453
2 14 14 24 15
5 754715332
10 18 17 12 9
5 148007172
16 21 18 25 9
5 284508736
12 25 17 5 16
5 758697564
10 16 8 9 1
5 515916231
15 24 20 19 24
5 301418120
22 11 20 21 16
5 292511723
3 6 3 3 22
5 543806033
2 9 20 23 11
5 12464028
5 11 9 3 17
5 841277115
21 12 9 25 8
5 486949014
7 19 20 24 15
5 735888281
18 19 13 13 8
5 703087326
7 17 19 1 3
5 630832703
3 14 21 2 21
5 17140700
11 13 8 16 17
5 223075394
22 9 11 25 22
5 633246232
17 6 8 18 25
5 745361000
15 13 24 25 9
5 82751064
11 6 24 14 3
5 294504725
23 22 5 25 1
