100
2 4
10 5
3 12
7 7 7
3 12
4 2 1
5 1000000000
25 25 25 25 25
2 2
1 1
5 5
1 1 1 1 1
5 448257424
1 2 3 4 5
5 915742169
18 7 21 11 25
5 290533251
7 7 7 7 7
5 606853154
24 24 24 24 24
5 76594327
16 16 16 16 16
5 86378675
16 16 16 16 16
5 30507193
15 15 15 15 15
5 257732640
23 23 23 23 23
5 943859008
3 3 3 3 3
5 42119341
2 2 2 2 2
5 904205572
14 14 14 14 14
5 760617507
1 1 1 1 1
5 499827711
8 8 8 8 8
5 689043379
18 18 18 18 18
5 481716110
11 11 11 11 11
5 177682241
5 5 5 5 5
5 315549530
2 2 2 2 2
5 565553935
19 19 19 19 19
5 511314974
5 5 5 5 5
5 222932230
18 18 18 18 18
5 367368292
3 3 3 3 3
5 913361511
5 5 5 5 5
5 88552069
9 9 9 9 9
5 877647966
18 18 18 18 18
5 283432626
9 9 9 9 9
5 332608913
20 20 20 20 20
5 643909716
13 13 13 13 13
5 280596561
1 2 3 4 5
5 817519197
1 2 3 4 5
5 686148192
1 2 3 4 5
5 598956432
1 2 3 4 5
5 855896122
1 2 3 4 5
5 268636639
1 2 3 4 5
5 777631440
1 2 3 4 5
5 903279273
1 2 3 4 5
5 342532231
1 2 3 4 5
5 224764646
1 2 3 4 5
5 977525845
1 2 3 4 5
5 609400950
1 2 3 4 5
5 657116533
1 2 3 4 5
5 550987961
1 2 3 4 5
5 996838757
1 2 3 4 5
5 723343567
1 2 3 4 5
5 627133589
1 2 3 4 5
5 345326121
1 2 3 4 5
5 362036936
1 2 3 4 5
5 380949490
1 2 3 4 5
5 564659567
1 2 3 4 5
5 548443888
1 2 3 4 5
5 540482692
1 2 3 4 5
5 756608988
1 2 3 4 5
5 470932570
1 2 3 4 5
5 588745681
16 18 25 19 25
5 749816240
25 18 18 19 25
5 674556403
24 15 22 9 24
5 256462497
14 22 20 14 2
5 280824770
1 11 16 20 9
5 80568380
11 20 22 7 2
5 153513803
23 8 22 2 3
5 677524778
4 8 20 4 24
5 197392122
21 12 4 15 25
5 812130200
11 3 11 1 18
5 185891962
17 11 24 23 4
5 149730258
14 3 6 2 11
5 667162259
23 16 19 20 24
5 204373541
1 6 5 13 18
5 394710961
13 10 3 25 14
5 997239582
15 5 19 24 16
5 624105410
3 5 17 6 24
5 470753628
10 23 6 5 5
5 101787632
6 6 13 25 22
5 721691596
8 11 12 18 3
5 433640779
15 12 21 13 11
5 963097730
11 9 4 5 2
5 408322344
14 2 23 2 9
5 745233800
5 15 9 1 5
5 98311863
10 4 11 20 13
5 817834216
9 7 9 21 10
5 247723455
15 17 7 8 2
5 484210023
8 8 23 7 14
5 686034278
2 9 21 6 20
5 420751164
20 22 25 4 7
5 949779547
5 11 8 5 3
5 422309292
21 15 20 24 14
5 573975302
6 11 3 7 24
5 554946784
22 5 2 7 15
5 604629729
9 25 16 7 18
5 754995953
16 6 6 6 9
5 852801997
4 9 12 16 5
5 914602119
17 14 18 7 2
5 330011363
23 18 4 3 14
5 439615143
10 13 2 11 24
5 541941804
25 16 25 19 12
5 635179717
10 25 9 25 13
