100
2 4
10 5
3 12
7 7 7
3 12
4 2 1
5 1000000000
25 25 25 25 25
2 2
1 1
5 5
1 1 1 1 1
5 448257424
1 2 3 4 5
5 915742169
18 7 21 11 25
5 342761105
13 13 13 13 13
5 412130060
21 21 21 21 21
5 450180830
25 25 25 25 25
5 658806604
11 11 11 11 11
5 424179647
12 12 12 12 12
5 666675825
10 10 10 10 10
5 916768084
13 13 13 13 13
5 403323357
19 19 19 19 19
5 315040647
23 23 23 23 23
5 693087589
15 15 15 15 15
5 291419562
11 11 11 11 11
5 428217120
24 24 24 24 24
5 396201859
18 18 18 18 18
5 236098553
19 19 19 19 19
5 216014595
9 9 9 9 9
5 655593893
2 2 2 2 2
5 416888705
16 16 16 16 16
5 601074872
6 6 6 6 6
5 965436216
24 24 24 24 24
5 323289949
20 20 20 20 20
5 541786837
15 15 15 15 15
5 447947631
9 9 9 9 9
5 948252508
25 25 25 25 25
5 6200930
13 13 13 13 13
5 745254767
21 21 21 21 21
5 839667921
1 2 3 4 5
5 982571233
1 2 3 4 5
5 913833749
1 2 3 4 5
5 81067365
1 2 3 4 5
5 14571812
1 2 3 4 5
5 233551232
1 2 3 4 5
5 525578224
1 2 3 4 5
5 725237371
1 2 3 4 5
5 501514553
1 2 3 4 5
5 591609293
1 2 3 4 5
5 216954371
1 2 3 4 5
5 282650634
1 2 3 4 5
5 66848391
1 2 3 4 5
5 76202109
1 2 3 4 5
5 172448815
1 2 3 4 5
5 430604961
1 2 3 4 5
5 559658025
1 2 3 4 5
5 503404858
1 2 3 4 5
5 506208176
1 2 3 4 5
5 687357586
1 2 3 4 5
5 659758997
1 2 3 4 5
5 195928000
1 2 3 4 5
5 750968017
1 2 3 4 5
5 539941640
1 2 3 4 5
5 80964449
1 2 3 4 5
5 564627742
6 4 21 15 23
5 900291208
2 19 25 17 23
5 387403278
4 5 11 25 5
5 2863419
2 13 19 12 24
5 931547737
11 11 9 10 18
5 295301926
24 17 13 23 18
5 185512119
5 2 11 12 23
5 735784509
11 10 18 13 22
5 813070586
2 25 15 1 23
5 875229170
11 15 9 4 4
5 747529020
24 1 10 18 12
5 303312868
21 21 23 3 24
5 748024975
13 9 9 22 11
5 983388171
22 7 21 16 13
5 776600991
17 5 10 24 24
5 570111036
16 13 7 17 13
5 554150456
8 16 16 24 10
5 814490694
24 11 22 5 14
5 129562577
25 16 12 16 21
5 208896653
14 6 25 14 25
5 952068091
10 15 17 2 13
5 218573853
14 1 22 14 8
5 556984384
14 21 24 22 15
5 802119341
25 3 13 5 7
5 607712451
5 19 10 13 7
5 838871138
1 14 6 25 8
5 440701093
24 1 24 21 25
5 317113126
4 21 9 5 7
5 2339048
19 15 23 13 16
5 461135152
11 23 13 4 23
5 31765656
2 14 9 7 9
5 358904555
9 10 6 11 11
5 888175799
25 15 19 4 10
5 414987039
6 3 2 5 14
5 274659651
18 14 14 17 2
5 362046197
13 17 2 22 22
5 304591077
3 19 5 3 25
5 882427423
8 5 13 12 24
5 851398825
21 5 12 18 2
5 980190449
17 8 18 14 19
5 798171943
20 24 18 3 11
5 626174519
16 3 11 16 4
