1000
7 615 3812
3 1538 790
13 682 1065
1779 3 1831
4091 1 2751
9 604 4344
6 31 135
13 324 1125
197 47 7418
235 22 4634
210 20 4127
3 3331 9085
2 88 147
563 2 233
119 56 5302
2427 4 2070
1 6177 234
47 154 5782
281 3 550
10000 1 5001
3 413 1017
89 22 146
1 3572 3520
543 5 2175
19 116 1441
5 1913 8785
354 17 5130
7 278 1738
607 8 3060
13 8 87
1528 2 607
293 5 1350
3 3167 8469
2426 2 2817
1 9792 6098
745 3 2190
3 1014 2653
1913 5 1272
72 127 7529
2 907 1018
423 9 2511
517 2 169
9999 1 0
823 3 509
21 121 2415
2 904 907
22 269 3337
4 64 209
8 757 3412
3 2143 5096
173 53 521
2032 4 7477
177 51 6473
411 7 2674
2 3319 5826
2 1476 2404
1993 5 3659
1187 7 7932
23 291 2952
3 1623 2829
6 575 3350
1145 7 7935
5 3 2
173 19 2785
697 11 3963
7 568 2077
362 3 930
223 23 4542
32 146 4193
25 323 5523
25 242 2283
52 161 5584
12 65 433
979 5 2995
7 71 347
47 63 148
3284 2 5866
4821 1 1401
4 839 2786
7 705 3217
100 100 0
272 17 3029
2279 3 2144
5 1783 5295
3 94 56
2 2479 3122
11 557 5845
3 2066 5837
1 3741 3444
36 200 6756
131 24 236
2 1147 1091
32 31 517
2 2832 319
13 63 557
3659 2 6493
2 1062 646
82 83 5090
2 1901 2232
2542 2 4174
40 91 2273
899 11 3924
40 181 5480
213 2 344
58 5 164
36 64 692
1 3618 2066
145 50 5527
2349 2 3977
3 2479 3758
218 41 5488
47 211 7467
11 34 237
103 9 762
4172 1 4151
1 9999 4998
16 474 6326
1949 4 1955
1 7157 4263
709 3 2071
2195 3 3437
739 6 3633
302 11 2457
138 29 2279
401 17 1556
9 278 2001
5 517 975
7 382 406
6969 1 6711
325 5 1278
5 1459 6533
93 16 786
104 4 214
7 157 4
1469 5 4785
3 1133 2840
9999 1 5000
2 1916 3565
11 2 15
70 10 404
32 274 7312
3 5 6
5 3 11
2 4210 8067
767 12 7190
83 5 257
37 188 4465
1297 2 2523
2 1187 1263
140 1 133
1 3950 2559
46 2 84
881 3 2612
31 39 810
3701 2 6913
430 23 8565
4 1353 4911
3 3143 6516
455 2 496
4 2376 7236
19 391 2207
1 9667 9084
4 277 1035
5 3 13
4 2 2
2111 3 3922
1 3924 3403
1973 5 7880
21 317 4791
3 1139 2207
53 142 5201
1901 5 9491
385 20 6752
1 5451 3746
542 14 5441
1 7166 6606
703 3 1842
43 145 4539
8 85 489
17 305 5013
9999 1 1
1828 4 1029
587 14 6560
13 541 2032
9999 1 9999
1516 6 5433
309 16 3541
27 21 560
24 101 1468
39 24 769
348 2 669
37 223 140
8 521 3452
2243 3 3613
10 293 147
14 359 3106
17 155 1396
342 22 5931
84 58 4758
387 19 4290
5 3 10
18 149 2473
2 4033 4448
207 30 5959
271 24 2837
26 138 562
356 11 2972
13 505 3555
3 5 0
23 279 1714
1 6087 5392
175 39 211
147 49 6509
1687 3 3752
1 9999 5000
9 233 616
172 12 363
231 3 690
562 12 5882
75 31 1183
49 194 1777
1559 6 8172
67 12 620
2 660 434
10 487 3256
21 49 718
5 3 1
177 25 2623
972 5 4063
3 1286 2084
4983 1 2352
14 113 1080
4 31 98
67 103 5801
2 3631 2613
74 52 3590
397 15 2188
18 368 4092
5 940 4547
2351 2 3240
1 2630 1383
562 7 1206
1314 5 4591
19 203 3122
1275 6 7609
2 1489 1972
21 172 2703
35 143 3875
2863 3 4771
1 8666 8416
101 11 852
446 11 4656
271 23 2127
3 5 8
16 57 470
1325 7 2413
44 204 5341
5 1397 6781
89 11 491
28 107 2552
339 23 6797
5 447 1505
2 4097 7147
17 479 6724
2 1567 1968
37 141 3764
278 20 3794
17 467 6189
136 5 395
7 949 1324
5 610 1712
97 93 5659
1929 5 6106
5 1006 4884
10000 1 10000
9 339 1311
163 3 38
745 5 2398
2 470 746
9 683 4015
41 25 766
101 77 5959
37 185 4028
17 459 4246
3 3137 8894
37 159 2410
976 5 4114
1097 5 3696
397 7 2436
2764 3 4941
36 229 4340
26 121 1491
3 2113 5404
6 296 1156
6 1291 6721
79 22 1629
2 2886 4688
201 44 782
1 4766 2635
1 10000 1
11 662 7251
163 53 6783
299 28 8161
2 3380 3706
307 6 994
3 5 12
45 41 1106
295 11 2822
41 167 4187
1560 3 464
698 5 2633
307 23 3851
1 83 69
3 5 14
3 5 2
3359 2 5642
127 66 5668
7 431 1438
519 18 3169
3 4 12
1509 5 5696
4069 2 6527
16 47 626
2675 2 2839
527 5 2330
2426 4 1504
659 4 2092
177 27 1289
2 1732 2284
7 871 4555
929 4 2760
4 835 2887
1555 5 5271
15 451 6461
3 2229 5334
1088 4 4089
5 156 748
3 5 7
3 2909 5526
277 14 3820
171 53 4400
3 390 965
39 10 321
1357 1 1283
11 799 803
3307 3 3999
147 15 2056
5 1576 1432
3 916 31
263 10 2424
113 47 5074
5 3 3
29 139 1348
839 11 6010
17 278 3851
739 13 7377
3 1063 1803
100 100 5000
1131 7 7280
8 351 2258
21 389 7305
3147 2 1053
54 151 2675
278 3 757
7 829 3741
13 191 119
10 416 3572
7 653 3595
1031 8 6475
5 1248 3577
2 607 1194
77 51 2890
65 91 5554
4577 2 7088
1214 4 3393
534 4 1480
2 1982 3127
97 4 265
1234 5 5873
36 62 1229
9 967 6122
11 239 2355
617 10 4649
22 379 7730
40 236 5486
445 5 681
13 654 6852
735 5 2064
73 109 182
22 37 284
1550 2 1864
11 905 9415
176 51 1070
1223 8 4614
37 141 4548
9 674 1311
148 19 2572
5 337 1658
188 48 4674
23 111 1876
97 61 5190
419 2 811
1 9 6
3 1899 3903
3 971 2683
7 523 3202
13 757 9329
2 2366 3771
26 98 1352
9 1060 7116
1 9630 4895
3 959 2005
261 5 99
53 56 1687
3167 3 8401
149 13 458
9999 1 4998
144 12 1565
38 95 2661
325 1 20
91 71 3570
4 1106 2733
3548 2 5917
7 1079 5939
42 57 1751
16 198 1087
2488 2 3488
569 8 2293
476 6 2669
2671 3 740
35 181 298
81 48 1515
3246 3 9170
2096 2 3024
809 11 4111
2 603 662
1169 4 3764
314 29 3292
78 83 5609
2 2693 4493
209 31 5614
1 10000 10000
1 6478 93
1042 2 1216
2 1880 2779
8 288 2022
21 97 1025
95 15 1382
338 13 1483
62 19 445
24 387 9076
2 4829 7472
5 3 5
67 17 746
2 3461 4848
48 109 320
409 2 525
17 99 1454
5 1402 5794
4 623 1536
15 634 5235
4967 2 7488
3 2237 3669
3 1979 4610
2211 3 4461
62 47 1233
1 9999 1
414 24 955
315 8 1432
59 99 725
2944 2 5392
3 2709 7779
4 1694 5421
533 17 8969
19 361 5654
81 82 5980
5 1769 7436
49 35 1181
3 1295 2610
43 144 4111
2 3489 5345
65 143 4722
9 1077 5608
47 9 383
4569 2 6891
33 181 5224
1 1077 1029
41 46 200
2 3365 1875
4 978 3674
791 8 4343
2 3236 4102
24 24 548
397 23 5918
4453 2 7973
95 8 57
5 3 8
5 1437 4596
50 67 1021
112 7 685
44 199 1780
275 25 1826
10000 1 1
2 4967 5649
3 681 1292
19 443 5631
17 367 5469
11 797 6056
43 101 4250
233 14 917
48 151 3873
697 11 4210
183 46 4747
49 45 1490
3 2709 4648
3 1700 5094
2 3970 7761
810 6 2198
4363 1 3904
5 3 7
2 1660 1711
561 6 3239
1 10000 0
4 68 150
3 2517 3831
1 9999 4999
8 1185 5964
4 241 712
1371 5 6126
11 325 2262
1751 3 3640
2919 2 4731
5 1831 8094
17 457 4014
254 10 1602
26 129 1728
287 3 477
40 157 3593
5 123 608
1 8327 6370
2982 3 8379
5641 1 3457
3023 2 1608
10000 1 0
8 415 1192
305 3 866
41 111 2722
19 16 249
71 107 5517
29 43 1131
76 122 5323
83 23 1831
3 3273 8709
795 5 2060
31 211 6319
196 44 5981
4 1756 5153
793 1 705
283 10 2807
743 2 1310
3595 2 5563
9 1 6
503 13 5846
141 65 9161
10000 1 5000
35 123 2761
89 29 2331
213 15 3024
2 89 161
4464 1 3775
3109 3 7831
5 887 3129
9 828 846
2039 3 5964
7 1361 7597
7 402 2360
38 52 1
633 5 1600
5 3 12
351 17 1861
2 4771 9457
1699 3 2442
25 221 2446
2 3326 5754
3 1087 2399
153 15 2159
77 14 955
1 10000 5001
12 162 983
454 8 1192
1131 1 230
86 87 620
149 5 555
45 71 1980
2 3215 353
501 9 4381
29 3 44
3 1906 3577
67 108 5897
4 1735 5981
64 30 1297
293 10 2538
227 17 2319
920 6 5092
204 5 712
23 178 2407
9930 1 8713
215 37 4420
22 301 6574
1667 4 5629
3301 3 5361
2976 1 344
584 10 1493
1 3248 1661
19 277 5159
73 131 6789
2983 2 3859
1 4408 2971
229 10 1666
3187 2 5139
4619 2 4919
23 233 2593
2 4492 8660
368 23 6155
7 1159 5256
19 401 2342
8 502 2131
376 4 1032
154 5 512
97 13 880
9 825 7360
4 365 1453
7 1225 4839
115 17 84
37 191 5569
2 1928 3735
32 130 3118
2 1019 1509
4789 2 7548
173 17 2887
1676 2 2331
3 5 13
289 10 2820
49 149 1711
787 3 463
2 1739 2326
4 832 2211
467 21 5151
371 23 6372
3 1905 3186
389 15 5829
1277 5 3969
71 73 3018
3 5 1
98 12 888
11 508 4125
96 34 527
4827 2 6058
25 167 2278
723 2 1411
3 5 4
1676 2 2134
302 6 1693
528 8 1013
2 4207 7455
105 23 1704
69 124 6805
2 181 273
15 558 6475
5 1676 5388
112 31 1025
970 10 5066
129 2 252
2 3541 6111
131 52 5633
2259 1 1230
81 2 140
5 1411 5744
7662 1 6040
1409 2 1966
16 460 4348
709 7 846
15 7 60
626 15 4316
5 557 1443
2 4585 8244
16 17 204
117 20 1588
269 37 8983
22 419 7586
11 58 584
4729 2 1369
2458 4 5758
751 2 1462
1993 5 8834
264 27 7013
224 19 176
100 100 1
15 197 1695
369 5 1595
4 1739 6249
1255 5 4546
62 124 6792
1448 2 2526
197 4 594
25 383 6409
1384 2 2294
3 5 11
581 9 4114
67 89 3061
10000 1 4999
128 53 6538
8 389 1946
9093 1 3899
3099 2 5618
3 2324 3682
1 1864 1462
239 19 3906
54 53 1848
4871 2 5171
2441 3 4981
293 13 3559
2 3351 5888
6 1137 6478
4435 2 1617
45 81 2499
2 2311 4508
76 24 1257
5 1229 1810
3 5 15
32 175 2924
2 2657 5077
191 45 8572
4219 2 4470
11 561 1036
107 65 5419
19 5 4
311 27 5228
57 121 5964
271 27 5495
4145 2 1222
2 283 296
235 41 9428
521 9 3283
10 8 43
3 1579 986
871 1 228
549 13 4415
16 577 4999
183 39 5833
1789 2 2069
5 3 14
1 3844 3549
3148 2 5379
212 17 3005
1453 5 4786
8 1106 4847
426 15 5319
2 1630 1705
3376 2 4761
8 883 4515
443 17 500
1893 5 7003
41 237 6481
9 109 135
6 724 2800
6 757 3606
7 564 3118
22 338 5445
10 218 1387
1 7386 5854
5 823 3142
183 9 1146
20 220 1752
13 482 4450
53 169 6909
13 441 4567
3 5 3
2 1265 661
530 11 5656
6 502 2070
46 16 521
2 32 51
1 6815 6552
16 345 2224
27 137 1934
5 3 9
113 44 3625
1291 6 4906
8 401 1837
1003 4 3571
100 100 5001
4229 2 1796
1 6024 4689
60 9 540
952 7 4315
2 1637 3034
52 158 6314
20 25 408
2 2924 3960
2 2109 399
3 149 322
3 478 1218
4 1067 2241
3028 3 7356
1213 4 1077
4 3 12
5 3 4
1077 2 1542
109 65 5264
38 259 7144
1111 3 2490
206 32 6019
3 431 980
3 600 695
2 1198 1227
5 653 2009
25 265 5378
20 413 7223
1897 3 4048
291 19 2941
32 251 6694
50 54 2090
137 59 7162
5 1805 8315
269 33 8302
48 137 3325
11 663 6419
34 17 513
415 4 961
2 478 667
2 4866 5423
2032 2 3087
3 542 485
277 20 4860
5 3 15
41 233 3402
249 13 3069
19 153 2034
100 100 10000
9 599 4002
191 52 7007
1090 3 2736
87 96 4981
3 887 2635
2 2774 4555
3 5 5
490 8 3236
13 244 2140
3 1599 3400
4 2139 1599
2 4258 2289
1 8161 5010
15 131 1932
1 1 0
163 7 736
200 22 3179
2 3247 3684
2749 2 4476
2 3553 5898
1928 2 2700
27 287 3291
474 17 7247
4 443 1291
119 37 4045
79 22 974
69 89 4154
11 823 4760
5 3 0
1 10000 5000
205 11 967
4 2056 3447
15 59 847
2 1021 1266
185 50 1222
326 27 1775
342 8 2296
412 6 1245
15 521 2592
17 217 2556
167 35 988
320 3 507
1201 4 107
3 61 16
4714 1 2075
221 39 5897
2 2215 2959
382 11 3252
8265 1 6370
1 9999 0
58 116 3000
8 1094 6577
11 417 3536
379 6 1808
219 41 7969
53 157 5296
16 592 7685
439 5 351
113 24 880
361 15 4482
1 9999 9999
3 801 1620
2 4610 7058
2 4663 6981
3 1187 2448
31 306 1171
15 107 1399
7 16 64
3832 2 5882
3 997 2657
137 7 655
3 1346 1698
1791 5 5124
22 191 2601
5 806 2168
3825 2 4191
71 65 2461
113 2 180
2 697 1345
445 3 1273
15 503 5198
1671 3 3234
263 24 1361
73 17 749
97 82 3749
3 85 178
49 75 2910
100 100 4999
1423 7 859
11 740 6080
1151 3 1735
31 73 1955
679 5 361
62 134 5117
2 3531 4988
1933 3 109
95 86 5788
343 2 514
22 173 2886
56 80 3198
60 162 7973
2 451 231
118 33 1341
1367 5 6516
2824 3 1364
131 64 6919
107 24 1618
5 3 6
2686 2 4704
9371 1 5929
7 5 30
53 103 5379
2 4967 5728
32 8 167
3 3031 8854
2 3737 7111
2 4406 2570
1587 4 3286
6 1607 8563
674 1 441
41 236 8535
8 587 4346
3 1765 5038
4013 2 5793
197 35 6801
14 614 8304
1066 6 3460
395 2 494
149 56 1453
3 1716 1142
3 5 9
13 394 4141
1 10000 4999
44 167 5016
2794 3 6890
41 97 2247
3 5 10
428 10 2175
11 507 1793
28 9 187
617 3 824
2 2084 3052
9999 1 4999
1795 4 5553
3 1693 2503
3926 1 2761
109 7 516
73 124 6747
2 566 746
251 8 1283
9 257 1888
1183 4 3497
17 278 2967
3717 2 4278
615 13 1558
313 29 8581
2 3062 4668
1 1 1
5 1843 7167
26 49 1250
