100
5
0 0
10 0
10 10
0 10
5 5
5
175158 -1000000
575952 -1000000
498834 -1000000
-400255 -1000000
-927523 -1000000
1
285 -971981
12
989069 451276
250260 -166840
-887315 717423
322221 -108554
766607 -10898
-80754 53836
611178 -407452
956552 414862
619359 -353450
-217746 145164
45640 439500
87162 -58108
15
584507 -970099
510449 -179096
286293 914932
-696236 617241
-305923 751367
415382 545730
-381047 -549868
18964 -617004
-664382 225299
-160574 -161719
-655766 -888172
909643 991142
714515 420915
-19604 -154292
-68678 704662
15
-69974 175394
543016 949936
-918523 -837361
-202158 -416698
-466675 116681
-967336 441093
338914 669680
-635317 -701154
130625 -753095
451917 694337
-750304 -815148
-831068 397673
-998270 781399
-426775 292840
-879197 -295700
15
-451004 -930082
-727206 417927
-400433 364492
-959370 549443
733774 824065
-755225 97033
-122404 48709
-969281 -765068
94533 439218
102469 980464
-465324 -617049
-99745 289131
216483 236157
257903 425270
931393 -572201
15
-66105 -993947
213231 341569
-117563 -303778
202733 937160
385276 714922
413349 394962
982101 417451
-877763 501719
17996 -508960
311837 513172
-86505 280383
-406834 -451454
-360648 734456
218906 967737
-914683 -870394
7
-985947 246655
-124348 246655
-797177 246655
254330 246655
29301 246655
89760 246655
-276416 781845
1
622214 994301
7
377408 890480
162989 -487364
544874 641139
866677 96814
-206253 -61177
786864 -329338
-171478 -816191
15
-479192 -490322
-936303 533333
-938854 -745500
298655 412697
788851 -458615
684569 940965
938031 -984241
29349 470036
758982 -909308
2416 354816
-915918 -130992
309489 -588301
-636814 288703
-652667 -258201
-87564 -805639
10
-216619 1000000
55787 191656
-994760 637406
269726 1000000
966794 886560
-755511 -841927
104847 1000000
177504 1000000
-63145 1000000
-595229 1000000
7
981523 244264
-931926 44934
-442759 894906
-548611 985763
214660 -739263
-274456 -98222
-81207 961797
8
-110980 -1000000
834039 806204
543953 401682
102055 -1000000
-646322 -1000000
960188 -1000000
308792 -1000000
-752160 -1000000
15
915484 -601756
-210272 225803
-384936 626560
-568384 -55704
-284308 907106
-483696 765115
-70479 -331190
-554222 968007
-320379 336319
-93920 673233
-543840 967207
723927 662902
-645894 623548
-229477 -113542
-389118 -234018
1
536088 536088
14
-186440 116525
645840 -403650
-239088 149430
943112 -589445
608616 -380385
-491232 307020
784904 -490565
-560144 350090
390232 -243895
-788856 493035
978072 -611295
590912 -369320
40296 -25185
-116888 73055
15
-855708 506418
428099 456665
331481 -390561
-206695 -952987
-777984 766736
-447539 413544
-895199 -589410
-594200 -611728
-792530 21194
598328 -301874
98853 -261663
111675 -183004
-942704 826867
176804 508759
806082 -387442
11
546963 -356526
-388624 318287
959212 115951
220474 670702
290589 475087
111440 -119041
-336091 -520113
-30064 -338836
-589993 429918
106407 -232748
-183013 103313
2
-486939 985542
404909 668766
15
814762 -692562
-193276 -905842
-219347 -876408
-298715 -538598
-342628 868237
680609 862559
59336 -157368
-405296 -706047
955546 -219041
822276 -521706
-103428 819272
-576494 -755525
29902 248383
-489851 885714
304111 191806
15
681530 -932458
-394991 -743245
-688847 -48870
-249590 418095
-19668 -519017
264810 -575899
254102 793607
-585554 -790148
924070 -439349
870563 528124
-776757 -515527
-557245 18641
-223986 -763041
279714 312822
-7698 94912
2
-721081 320538
334049 10556
2
437495 -87499
466419 371010
13
166683 255552
166683 -614788
166683 614297
166683 576486
166683 -402783
166683 -848284
166683 -145849
166683 318698
166683 16644
166683 394770
166683 57157
166683 259255
166683 747135
15
-336762 -359672
-315143 765907
993194 -902896
-562440 848271
-72889 -685981
202058 -81214
214354 878988
973680 964844
257427 895004
-503750 -770521
-302621 567135
267318 663134
-324602 -63317
-177304 985671
850716 98853
2
779099 -476103
251134 -917188
4
-921034 -431174
943033 -817262
191254 505169
274058 166986
3
918546 -1000000
341019 -1000000
140321 -1000000
15
-795121 -936348
70218 -280433
139762 -511560
792448 617604
537474 -451601
-351196 674819
715328 222509
26811 59881
398295 589485
259343 370638
-503750 -686977
788946 -361037
-129672 80721
478038 -656720
553634 -689945
1
-700242 -466828
8
400904 701582
-412523 39616
353258 624355
60184 105322
-611585 682005
-137829 686867
-786555 292507
-330533 197336
4
527885 1000000
758530 1000000
313494 1000000
-716628 1000000
15
-167734 -143895
-179408 172238
-533584 -229295
935374 -111657
-955061 317557
-601953 488607
919233 -525681
719283 20377
364216 -950121
-378791 299709
-973354 24566
69087 -213429
353498 -25420
81084 -564131
-573358 -661563
15
837208 -366582
-792707 528260
-133317 -157187
-254175 -314957
754631 946117
-354693 -535429
-77691 580743
116349 317788
-870869 513199
-176620 920749
516536 -391044
-567466 172405
-971551 -478915
282618 172105
-218269 173095
15
763612 886366
-136329 62586
-673375 202405
695098 -394093
32129 -502244
477721 533441
936223 -776835
102353 -396130
-5065 -343036
786680 -26238
-420725 926161
-579356 -489274
-996883 -150431
279601 333028
-672834 16965
13
168749 24107
-966483 -138069
-763343 -109049
109424 15632
803355 114765
849387 121341
-799127 -114161
-237426 -33918
-56735 -8105
-942018 -134574
697921 99703
324989 46427
-589813 -84259
15
455532 -43
433309 646720
-281282 -498703
-736870 -652065
870610 -240861
908731 925493
375257 502474
577307 901970
-190935 -433812
598878 976084
-821045 6216
791646 -603321
701997 982412
-906123 -855580
626097 -787233
4
-912684 -1000000
-830471 -1000000
-762016 -1000000
123229 -1000000
6
587355 -774873
-978279 -1000000
-871638 -1000000
694121 102960
12188 -595230
-864935 -530709
6
80144 150663
-929791 150663
300493 150663
-461536 465556
-709877 476281
-625046 150663
15
434420 -346700
85229 -551788
988653 498578
-784108 -389393
-443118 461429
-441424 831733
-969983 -153343
809368 -207854
290476 -632671
-760853 -168806
-851834 87933
-360735 -367365
-417541 -991932
546190 37538
4542 974762
3
-132731 -630391
-220330 889023
-576189 160003
13
-158971 1000000
-851378 1000000
-401919 1000000
272341 1000000
-467973 1000000
432483 1000000
510656 1000000
926052 1000000
-357721 1000000
-968803 1000000
144547 1000000
556913 1000000
-809600 1000000
1
-101908 205278
12
-426502 378943
111951 378943
361557 378943
96846 378943
15590 378943
-132164 378943
-314105 378943
524500 378943
-176900 378943
-837068 378943
-692337 378943
-891652 378943
15
43186 855823
-406381 -893838
217337 -389907
171992 -667510
-867053 -833981
-678390 398220
-70735 527255
661860 -342412
-217274 -288177
696999 69758
670904 -863572
61508 744847
963850 911863
-723156 608025
867167 -719074
5
198516 -198516
969790 572830
994819 108284
-421524 421524
551386 360126
15
462780 912182
354524 485737
-92687 356455
-408780 553640
709403 969297
-949120 -840599
-31137 -277938
294158 -352407
-83517 736474
-427918 -820758
-942804 -964492
-648944 16843
-405369 693782
329933 576231
-34642 737882
15
-557776 147882
-555840 -930027
239546 -593663
-279264 625326
306776 -149240
-110468 985205
-377145 -639374
-963752 308111
-262333 844916
-630640 -832029
632617 -135427
863136 -129529
815766 251441
909448 9348
518156 758306
15
1000000 222762
1000000 -941078
1000000 -98171
1000000 992201
1000000 178875
1000000 223803
1000000 -287943
1000000 -22714
1000000 -991073
1000000 -988638
1000000 -461686
1000000 919748
1000000 368504
1000000 997723
1000000 -763684
13
392338 -257196
197599 749750
-22592 -805127
755377 -993381
207231 749750
-49557 163894
-104973 749750
-513473 749750
-181793 749750
-753517 498300
730366 22341
-547980 749750
89488 504346
7
47606 -141146
-408847 900864
-102604 444626
-408847 97435
-240795 187327
-408847 -204836
-408847 -349045
15
589783 -225671
53115 426345
179749 -314773
742816 948731
-992073 826628
-846905 685804
92696 -413436
-353602 444664
-627442 9650
-170424 412770
-492286 -588131
-726214 516877
526516 534247
455180 813025
916987 763826
5
495024 115661
-90699 608566
628365 930349
-489940 617594
385766 -810825
14
139762 -139762
-407536 407536
-185022 185022
-796770 796770
-713820 713820
-150478 150478
-30280 30280
276204 -276204
322878 -322878
563666 -563666
-166552 166552
-206618 206618
242796 -242796
-118232 118232
5
126805 35644
-466228 -624131
152990 61196
603060 -996895
321107 89136
9
123310 -123310
-169100 169100
689545 -689545
858300 -858300
777085 -777085
23640 -23640
-280710 280710
420415 -420415
947760 -947760
11
60945 413814
278751 626348
262700 556650
-850852 -654251
-850852 -85088
-850852 -862935
-850852 773090
-850852 -420758
339063 -578173
-792640 722811
-850852 -13427
4
678561 -127632
381503 759078
-875052 -996912
-973428 515941
12
-689736 -388085
129183 325045
837242 663703
-486649 619837
70229 -936349
109729 -206418
-575246 -966568
325341 665004
-692070 751672
388212 858763
-137218 723476
44167 302515
14
587264 263938
612422 151626
788132 432273
362613 522230
823698 -555210
-776341 -732233
-499638 918916
-156634 621251
360710 -733759
-197590 930148
-126451 -410678
834868 -571709
117088 253962
-707529 -803113
8
-235594 54250
-590091 54250
-767977 54250
-717280 54250
-767737 54250
6637 54250
346445 54250
259048 54250
11
-116725 -911567
626923 -911567
-882026 -911567
-824607 -911567
927410 -911567
-680266 -911567
395225 -911567
214304 -911567
-195313 -911567
-503013 -911567
366761 -911567
7
957775 -1000000
-820338 -1000000
790411 -1000000
-506471 -1000000
691197 -1000000
-239739 -1000000
995111 -1000000
9
603297 -437058
179951 -437058
-25429 -437058
359364 -437058
355631 -437058
-127853 -437058
-568734 -437058
798630 -437058
-565360 -437058
15
431225 118166
941688 726564
-989957 -787703
532578 987146
854754 -586154
287003 -729184
-897068 -234451
565220 -908070
-764041 -532676
-493744 -594717
-89621 602377
177553 -13237
690459 -802965
-371634 -873726
-549792 -527135
5
1000000 648314
1000000 -724499
1000000 793332
1000000 931481
1000000 -767344
14
603415 -154564
864285 -270978
423337 -745660
-718534 -261492
-276063 799367
840772 -741517
426127 -303695
550352 438632
-892493 138316
379381 -694742
579858 -381820
487597 490701
-882990 320475
402682 582357
9
-25923 532440
-801893 -117827
304226 502463
567491 765842
-812002 -48122
-495357 73151
-336514 285229
-883075 702123
551310 40801
11
512825 -1000000
-878176 -1000000
-415461 -1000000
333 -1000000
-684622 -1000000
414672 -450241
265019 102624
26110 -471901
-666112 -597982
962250 983257
-923109 -1000000
10
111955 -97608
488094 -263667
582355 228152
990334 -264097
591493 418586
823664 418586
555805 -844476
113904 418586
-189698 351234
-763553 418586
7
-321028 -216273
1000000 -527155
481745 184740
1000000 -573683
1000000 -108724
1000000 395885
1000000 853222
2
26252 374516
352412 830191
15
-428548 -558162
812107 209283
393800 -808565
-459132 830211
891176 833447
656516 270793
654895 850266
-21771 -223888
846676 -455404
129312 213146
571396 185030
134733 -253933
-428660 -555613
-336592 813061
327118 582603
11
907232 763119
860632 163527
625775 107443
-406824 -736269
-314828 -141579
-296699 -873316
-734383 976754
-99134 -786300
586023 -952699
-919740 -870014
-564133 -22462
5
-214050 809623
-926585 514685
-398862 337262
117516 411306
153206 536221
12
-492008 -492008
254940 -694766
739177 -720050
803747 681497
688436 688436
-471736 -471736
625579 578003
547252 547252
412247 -3690
291293 51757
434182 305206
975177 -362740
4
502791 645007
-759130 379565
-390320 195160
-993720 496860
15
-769110 -122353
626186 -350161
-129941 691774
730244 308533
-388970 -801187
-985889 540758
-204031 710148
780490 -405609
267295 494239
788498 -443217
312562 37949
-43277 879347
-626721 -492654
980115 580841
-948106 288592
12
458400 -458400
149072 -149072
-106326 106326
83203 -83203
-423693 423693
929455 -929455
-811423 811423
-266468 266468
156298 -156298
564095 -564095
-73492 73492
-872312 872312
4
-679520 419395
198176 -897945
229604 738791
245209 81342
15
-34754 460384
-193796 129284
-929999 727209
491141 -422204
-513190 -110965
-698392 157466
-616459 716085
-936490 86213
858103 -706150
251165 92962
527055 -515126
-975426 174769
-277080 282640
430022 -353658
-903394 -315244
9
1000000 792247
940115 473826
-295146 955466
-587801 883345
-735459 252973
1000000 662349
-134270 -771636
200065 374578
469960 719571
3
-458223 -789957
621796 -325447
-323598 -325447
10
-238243 -930954
-248805 558480
-257998 463415
-775811 -979438
-476519 1000000
536838 790970
705748 918978
191916 -29679
625721 212155
609354 1000000
15
-137661 -310415
227484 -112034
790198 755340
228808 -913416
991904 234310
-468486 757632
-466826 -694734
-72584 -383421
329702 -258461
-177595 705282
378781 309867
669026 295556
852440 891684
585090 -680575
-649110 -641811
10
460489 -61649
-722901 833162
401323 -577616
44480 462941
946946 -153022
-148146 257152
-282504 -896912
29993 113197
903128 538365
916814 928899
13
-985800 -85777
-854114 -225158
313423 -454551
-228065 70826
-443394 123609
-502161 -151409
-568294 511241
754945 -261348
644480 150197
-984627 -996978
207208 532607
124839 198536
-842007 -581871
9
-391258 -826616
56492 -407353
688464 132215
953369 24260
593871 691790
412159 -1000000
698092 -1000000
114491 -1000000
45692 -742845
15
425631 83820
479689 983926
-359233 147859
228929 -420892
202932 13727
-77563 451011
-531423 -187827
-75368 -17095
-445059 254899
-33111 -615313
513911 173422
66662 55927
210050 382990
-517122 770107
-625957 -756152
11
277378 196741
-287498 196741
-52899 196741
466856 196741
-820811 196741
997867 196741
27175 196741
-175133 196741
-562806 196741
412532 196741
484146 196741
4
-542450 325470
-661500 396900
543010 -325806
982770 -344861
15
-28439 882821
91053 -821991
-705631 -508784
-372823 291805
-145378 584436
809930 327662
-99283 -747712
346887 532147
-17810 -921259
-553501 602956
-255992 -312890
-26070 -314559
-943603 308095
215638 -94387
952824 -633415
2
-371565 -299576
-31338 -602041
3
738568 247269
-523497 -660857
-905404 120554
11
995434 -303554
543032 -683449
900774 -243962
347881 -485244
-979231 -566580
30402 -768666
-741819 -975328
-514408 -885480
476155 -243962
822743 -243962
582088 -566828
10
6396 -787537
200968 -450821
-658097 -622454
-4390 -548348
-628147 22323
-514518 -473978
-324359 -347704
-125985 -923458
-998808 -294565
395765 683822
5
-620692 -775865
200672 250840
-654780 -818475
-13984 -17480
-337072 -421340
