100
5
0 0
10 0
10 10
0 10
5 5
12
-126316 -378856
-759465 -141090
-929612 -1000000
-6582 -1000000
-255243 -1000000
-438934 -1000000
-863514 -1000000
379534 337304
812553 120492
-976585 -522801
-717411 -990568
501411 851172
7
-128444 -647301
-128444 -454970
-128444 206418
-128444 -671785
-128444 -721389
-128444 184544
-128444 873014
12
144959 998697
-130243 998697
316315 998697
788119 998697
-295893 998697
599516 998697
-879696 998697
776573 998697
720592 998697
-442735 998697
-750763 998697
-469685 998697
9
-149624 -205451
761928 -414562
407654 -169907
-343437 226905
-968987 -414562
-566718 -414562
179998 87896
-606860 781460
403147 274619
13
-272221 -1000000
-326561 -1000000
-137435 -1000000
-547124 -1000000
861965 -1000000
290567 -1000000
117749 -1000000
325531 -1000000
607634 -1000000
651489 -1000000
-18157 -1000000
-65812 -1000000
-963090 -1000000
9
-837628 582960
-331629 510296
-924915 222759
512128 -629502
-55268 -486752
262130 -638185
849882 -930865
186757 -232895
-109472 -584932
7
-310784 463896
546117 463896
-417613 463896
882476 463896
-446596 463896
-574374 463896
529491 463896
15
271424 300158
-667521 484173
350345 -725901
-126759 -7005
465660 -210268
-43600 82041
767642 896198
-107830 -334260
-828609 267208
-226956 -981506
-141496 924815
-776223 585235
345883 -335956
-881206 211238
998099 481883
15
-659299 734459
781621 -999990
824847 515720
635374 823529
790642 152341
-581369 -194504
-940303 589052
-57695 -694066
662915 -294818
951886 820413
-236474 629734
21542 905617
750119 -198628
58553 -456054
806426 -409412
10
885920 -442960
-34440 17220
-212910 106455
-884750 442375
-957110 478555
-295990 147995
-340230 170115
811210 -405605
-811950 405975
160590 -80295
3
-621810 124362
493770 -98754
58740 -11748
15
-385991 -168985
-64240 -22226
-696299 225608
-989859 987638
-945663 462906
765259 51386
-873844 -244803
-348008 -846321
-312605 -212448
-256093 17301
185010 749871
-622859 -614672
-517882 -233784
627221 -825587
248084 -978427
12
701152 1000000
320739 1000000
-636286 1000000
-666647 1000000
-673943 1000000
-382943 1000000
655513 1000000
-782671 1000000
-14632 1000000
-220546 1000000
767019 1000000
-691202 1000000
12
441983 -1000000
913147 -1000000
55944 -1000000
321944 -1000000
-348660 -1000000
-824138 -1000000
751975 -1000000
-942333 -1000000
-675632 -1000000
-171924 -1000000
120744 -1000000
-782338 -1000000
15
-942760 -173037
12610 572083
683747 823410
540052 129267
-273724 14399
603383 875944
-194370 681698
373657 982622
-106198 -97852
878282 -159561
-822525 -298865
-147893 676104
-632858 -442630
-198709 366450
655388 64678
15
536928 917858
-170969 -946172
-861626 88522
332657 -577014
-2772 322659
264524 463457
946962 -647448
-706052 -535983
687070 775011
-95188 821264
-879503 729729
808957 288864
945370 314178
796894 -742805
670595 89015
15
-856086 -441895
-815676 -114924
652008 705095
-786470 -22741
-521928 -103311
-758184 481299
583724 -638180
662875 746613
-26523 -884510
995359 -70720
-599871 -542189
-845893 -781376
-464334 -147270
954485 -252354
159675 -11221
15
125073 -635575
-239416 358131
206347 171665
-519040 334310
863945 718613
101217 -495909
219021 -771457
-407406 -38666
947421 -403807
500611 -470235
-881155 -905480
358798 -877980
521917 753763
-296892 -77379
-875481 796034
15
832378 708610
528994 254757
-150236 555539
605785 -647606
939188 591288
-459447 -924856
45598 707375
-90879 830197
-521278 134349
-815328 -253028
481360 185727
865167 898718
880982 469954
758172 -129326
-910637 -836985
7
412432 249456
-307652 793568
11710 -66166
208330 832362
850298 682217
-651387 -439787
116468 -931384
12
989069 451276
250260 -166840
-887315 717423
322221 -108554
766607 -10898
-80754 53836
611178 -407452
956552 414862
619359 -353450
-217746 145164
45640 439500
87162 -58108
15
899052 786099
345245 -486597
-34639 -707471
-941745 71825
-668609 -835264
-199489 826750
-599901 -297395
-244167 48569
859161 613526
-241474 330582
-942187 6442
-45170 117974
795254 -66785
-219532 -518763
483153 186203
7
-304020 71801
-112631 293246
-304020 -839727
222528 -304542
-304020 239891
-259203 -419881
-304020 -41697
15
237860 135920
994147 568084
-406490 -232280
-927318 -529896
-805126 -460072
173124 98928
-343574 -196328
-666694 -380968
407365 232780
-419440 -239680
-796495 -455140
-860405 -491660
-473634 -270648
-801640 -458080
-992005 -566860
14
627856 -681043
627856 -495347
627856 -960891
627856 1257
627856 -500507
627856 -478925
627856 -489739
627856 707059
627856 -630640
627856 669171
627856 52825
627856 701449
627856 -766108
627856 -662895
15
973077 -864926
878557 -110220
-191683 929280
870112 -492278
-863769 570758
914380 -536816
-756518 364140
101164 -243783
818326 327675
-494784 955544
180644 652702
-404247 908127
673991 -163675
-411980 -107305
331255 -748426
8
-775596 258532
-647748 215916
308513 556000
-528384 176128
707480 266283
-93852 310729
343128 -114376
497316 -165772
14
327124 -466169
773539 -466169
848049 -466169
-406363 -466169
141982 -466169
-402111 -466169
215675 -466169
-717238 -466169
-356167 -466169
-512010 -466169
-886820 -466169
355227 -466169
-686216 -466169
75150 -466169
10
392785 -405086
-3409 -567223
3180 853164
540983 -1000000
446403 -2764
-995870 -537667
699290 -1000000
-685101 498571
-123801 -187394
-47748 -274378
10
389347 -111242
-323239 92354
-817523 233578
-395577 113022
831558 -237588
796523 -227578
-509747 145642
253645 -72470
594573 -169878
-245714 70204
5
-42929 605302
-600247 605302
-510090 605302
987849 605302
894524 605302
14
-496174 846020
-113263 673098
771865 805387
354949 864527
-370972 -551578
194573 277783
976309 551008
-464948 261790
439770 519786
-559383 874046
343493 -94041
551264 680829
363685 -120888
-632456 -965153
6
679929 971781
-355288 585996
-154797 881368
920315 -342996
903763 373601
-786974 882300
1
150412 -304096
13
445195 -923384
-299226 732702
482777 504130
-193521 -926867
-822642 -925040
666390 -21870
463335 -241689
764578 38365
942015 -698056
-673681 740655
562185 -650455
117131 12160
68705 686100
6
1000000 -624329
1000000 -37834
1000000 343443
1000000 238107
1000000 466828
1000000 406431
15
-947427 -754053
324180 711508
466532 800383
398514 -564723
-293623 -929908
601672 -189222
-484002 920952
624864 -940001
-16291 -687515
-182593 -365955
877341 -168516
-612847 -32417
371995 402050
695057 709515
308720 462045
8
-567549 1000000
-798643 1000000
-959763 1000000
416215 -600032
-214419 1000000
-909882 1000000
-411654 1000000
245191 1000000
15
-259815 -894608
-19944 46450
-500438 -390159
625201 -135417
-145785 969411
-802738 682299
71260 167063
515753 631217
-287494 738989
196366 -767694
-126965 -910509
-291403 421082
-221694 -73133
587219 833221
279726 274121
8
-789236 730954
718517 730954
-428539 730954
575029 730954
-895725 -123350
-205725 730954
-56160 711783
-226456 -266471
2
776776 -811013
456719 -325003
10
-962845 3607
-470831 3607
-840746 3607
310763 3607
568513 3607
243763 -190559
69003 3607
546046 -976849
564845 3607
-454279 -255037
11
626178 -45371
371521 365477
-883448 -649200
288822 -126849
-687835 -378634
-671185 332895
413329 172315
233876 666081
-582309 571033
960640 114236
-938289 258210
5
979039 304836
765491 -93228
845485 622176
-453350 -934420
-238441 -269848
11
311264 -1000000
-503475 -1000000
-183574 -1000000
-61544 -1000000
173793 -1000000
814554 -1000000
949168 -1000000
-69698 -1000000
-68546 -1000000
909749 -1000000
-400899 -1000000
10
408429 -882856
-207170 -103585
204885 -93673
-216280 -108140
339140 169570
-736373 -846705
200160 100080
112720 56360
319556 -174573
746150 373075
6
236901 -74579
119617 -74579
282464 -74579
-698429 -74579
650795 -74579
-28392 -74579
15
815132 127368
-622854 207618
886518 184460
-44279 529134
104616 -34872
385107 -128369
-555929 506570
619236 -206412
-395352 131784
378342 -126114
892215 -297405
-948595 535140
603393 735538
729223 189814
64588 519893
3
39874 -1000000
296037 -1000000
688202 -1000000
12
-269958 -719888
-52218 -139248
1806 4816
-209073 -557528
-299994 -799984
281268 750048
-291021 -776056
-372435 -993160
-91716 -244576
-350970 -935920
49671 132456
301788 804768
15
707908 663643
495619 187346
-915286 -872324
-157654 148845
-800116 -936922
-424079 -123862
410325 428979
-918297 888253
-618629 37418
26823 -419905
-670347 940332
591619 -260354
-99372 -569441
246431 174812
-297254 -278528
6
-891685 -797453
403862 214920
-223187 -565248
-185768 -737823
647383 334863
-877555 -916769
15
-38552 -946651
294834 -589380
-981377 517046
-683465 583940
908089 834019
227771 -587776
-927511 -414370
-49515 928363
-966694 -811290
772558 -128940
-855898 -61842
577191 919058
424600 -116532
-654387 733220
-557824 599795
15
-497678 531298
819017 -15020
520558 -291560
770299 485402
946387 268386
-938352 970112
524685 -632279
-358999 -349104
185158 -591600
267762 174852
-803467 663110
-805299 9380
669536 84339
-670882 -792631
229125 725153
6
383040 -77825
828016 -473152
180789 -103308
714952 -408544
166831 -95332
-147118 849004
10
-80687 1000000
771462 1000000
-449606 1000000
-128000 1000000
89277 1000000
-854577 1000000
909284 1000000
-622042 1000000
913518 1000000
205464 1000000
7
-123325 599007
-772496 -148339
931365 924291
-241566 952760
-221348 852471
418076 -710162
587243 -248849
7
-413290 970875
274043 -758733
479385 589822
270684 -443492
-28507 195991
-119639 428703
-55656 263943
5
556095 -925219
-590277 -944465
-276757 900058
-306870 -999220
-922509 693782
8
-312325 343499
932618 415646
1000000 -650678
-38103 -764530
1000000 175310
-810109 224774
1000000 -88447
954376 732847
11
53529 177866
-626578 -27425
928269 -102186
121582 -97715
498941 -581474
-13433 811857
-609684 961576
663789 758832
-119330 147469
-663638 957275
-937911 -625562
8
-318267 268855
21563 125851
-508408 66165
584680 633910
-998141 -498090
708048 -526712
729232 687736
445139 64294
15
810895 -58960
72505 -79843
150800 777839
101625 -899736
-525502 501759
387648 -275655
154414 -172573
990876 436960
928929 618576
-493163 -228690
82898 679856
-622472 267597
862764 -350835
201766 157843
439286 -954485
15
-463045 -17243
-225187 -551415
-399822 769323
-484445 363166
-944069 -977191
917913 245091
110715 -763750
762359 -935547
245159 -632464
763842 -533361
843672 -368905
100991 -69627
266414 582333
-501287 -75337
59215 -373311
11
-432924 -946902
-101221 -385195
-718507 -602327
663106 679914
-265095 587604
955760 -457550
-328717 240047
138474 537758
873369 588614
-500636 -288719
348435 512179
6
-809666 -507530
-809666 -785996
-126667 -364234
93848 485963
-603356 177458
-809666 -640656
1
1000000 535735
3
378177 -873188
199930 43356
225909 479651
5
908385 919020
-796380 13583
859793 -636057
735750 -209392
288124 -236852
10
200363 400726
-303346 -606692
-197736 -395472
-681667 -793294
115802 732553
205740 983389
84738 169476
-676033 751706
-152178 350396
-74938 -149876
1
-115631 -711593
15
-414209 899508
634200 -300148
-257608 -793101
-100717 -603676
-804341 -189548
-573376 146997
491680 -286250
-290407 661738
874343 -806168
-222942 -536660
93200 604272
930174 953121
-727172 -579484
396257 574077
607415 -443700
14
104143 781003
-266814 1000000
-786735 1000000
238445 1000000
-824551 1000000
305508 -833689
441382 -597448
342443 -521051
-768596 1000000
-239207 -180412
945564 1000000
-911656 45421
-633491 1000000
-711427 937523
15
120168 -693616
334553 202400
494413 -888268
130617 -935854
-824070 811162
398121 510788
-751419 -568570
320010 877613
-401308 -511925
-471259 963503
-67017 503901
110722 701835
90251 -87802
571283 -814000
-533527 -65802
15
452096 161988
-342461 -932548
-558774 5702
-586447 841528
865846 -169279
-653042 550058
-517334 -451791
318481 -768763
-753109 821149
-688119 135739
824895 547975
724240 805731
-623604 -284949
-391369 -804859
-23486 -811359
15
-613301 533443
849015 421754
238335 327630
334868 753406
141198 -179538
-137423 903321
-621555 786563
-947185 -662847
-402686 -696943
-209795 705451
-418499 909597
-700722 -941758
-231054 976493
832535 939801
232760 112695
15
836786 -764270
650298 -887277
-254979 744629
-150045 916688
336561 668892
-345195 120126
32881 -274596
-926794 -149863
33906 -658531
901769 -327949
-240861 255314
83557 -391099
290844 -772900
431903 327861
-634297 357082
15
979039 527856
647279 572069
812192 -735383
-938782 675905
316303 483295
39836 812639
230555 -715793
-13502 -511954
284679 -530417
73858 -892161
-999416 223160
-805590 -872013
-165212 505179
317944 716750
-529170 527092
15
-206296 -989063
16459 639838
-872637 981625
-552923 -260873
811471 955336
215172 756223
-399345 420347
117278 992606
-799701 8444
-781515 -522463
570763 -59754
-559382 88170
967934 -753713
460260 547703
-609716 653356
8
163414 163414
797590 797590
854118 854118
297148 297148
-863030 -863030
-453708 -453708
-714252 -714252
-149566 -149566
15
-896490 679556
-251110 -969919
879701 575803
-373421 199189
204509 293041
-864740 -586744
-661521 747451
-582086 -954405
-645275 933164
-332424 -140935
906694 -473162
-381834 -796878
-803025 320337
622025 799393
-639011 -256391
3
8636 667727
194346 -854414
316910 164884
3
-232768 -429894
45206 -429894
13012 -429894
6
-905094 -762964
821544 410772
925116 -965453
971548 -659067
-847528 -862819
-653811 -688598
11
307127 -72885
-336067 -1000000
-591439 -1000000
-613855 -1000000
621726 -595675
852599 118411
500377 -1000000
-928543 -122071
-456887 292017
-771773 -1000000
-752758 -1000000
8
-547722 81411
-667178 415132
-293385 -410739
132618 534447
-577189 332450
-731513 -898952
443356 676268
-427025 -202555
10
263606 462589
-571465 757481
189864 801919
-330873 -1000000
179762 45385
-41535 -1000000
276290 -1000000
680274 -846553
-376980 -432795
269933 326856
11
-628291 615753
333386 -162339
-739203 311633
-220999 759049
1000000 -272075
1000000 328642
714239 -880654
703061 534871
-389077 950943
1000000 -317573
1000000 907793
8
73389 -711546
750559 -441737
39574 167103
-593763 -432288
729932 128420
933658 591731
-610082 743742
443226 121952
10
558760 339448
-98170 -876499
-671475 -636077
847454 -876499
84378 -876499
276102 -876499
-469850 -823656
-799186 -876499
-523975 -876499
723606 -876499
4
-333025 911561
109937 703484
-141900 870768
800591 -478501
4
-444611 615033
13582 540401
304494 -253745
882092 749743
5
289566 868698
232158 696474
-66414 -199242
-100448 -301344
-89276 -267828
8
-350394 -200439
889580 -400710
711200 -756447
-12222 948627
322282 617044
301466 948627
-408695 264776
-618557 694169
1
-239434 -995487
15
-493799 911480
-423000 -645815
-512081 -499203
294760 -91245
745880 262132
-492525 -665580
969551 -260675
421441 -713139
-83369 -343140
-442162 -803244
-445069 -306765
171173 327068
-161131 354368
849579 406916
-995950 -704939
10
110664 -41499
278848 -104568
-654888 245583
-255544 95829
197576 -74091
960304 -360114
541656 -203121
-457248 171468
626160 -234810
314488 -117933
15
-690678 -916059
-704527 -338383
-608423 71777
-676722 -390560
-226476 41137
-993196 -306622
617955 221575
-258507 351753
230577 -917390
-976214 -522757
753270 356882
901254 -235877
-667702 -297561
682373 -353998
-251753 -249162
15
-807977 -647663
-18996 -518850
95892 -828075
-643042 289646
386836 -743679
-435366 781219
351155 514500
155292 -328532
381788 545969
541086 373444
190483 919492
376633 216011
265986 -253745
-505824 907880
596816 759233
