100
5
0 0
10 0
10 10
0 10
5 5
9
-852151 -870059
313676 -915128
-231456 -260388
-827154 924937
683025 579314
-508379 -493685
199481 784651
-924698 634731
792174 -93502
15
-805569 638615
-405685 -921036
609661 639793
938211 -955572
871210 -55597
-185211 301551
421791 -91101
202 695138
381875 -903029
401108 116490
-157562 912468
-413484 927612
859956 368380
83416 -182350
-184727 965576
3
764888 -145128
-888770 345652
-169420 726827
8
517624 815946
-397238 685793
542481 -124645
273579 626004
-572784 271837
812224 530406
189286 -363158
-29106 -476574
15
660136 98943
-861015 -530543
-596642 908271
336586 83543
122251 59873
547960 -214440
-903282 653339
-494748 -394932
-325132 -319203
752768 -641350
875340 -133709
376252 -674509
901014 747284
-829965 -572079
989531 904148
5
654915 731691
968543 -885767
978124 -775996
241019 -236057
-738001 26727
15
435793 -839634
-651084 -176702
345099 452432
349302 398579
-860657 -57305
460748 92308
451636 -700835
766531 -193685
-959929 -563327
-559954 200751
819427 937553
-166206 25053
857056 386091
-590604 413739
378249 175014
15
-163831 -611467
101188 140738
83079 -8853
571126 -829660
-792345 746094
-759362 196756
-983291 -945816
645007 104828
424923 603714
870875 -165014
-548758 512083
-171786 -517240
-322499 985181
10950 -887591
666769 -808652
15
-23348 619239
-659654 711112
180037 -749943
791732 -38781
-93376 814284
-141913 -45607
731276 -750615
-343736 365338
38900 185722
-736982 484877
129743 -204167
174225 -280582
112528 -20608
-752671 -122062
371416 -102838
14
-66025 -396150
-76044 -456264
-157004 -942024
-130456 -782736
-143000 -858000
-58952 -353712
-117433 -704598
-157800 -946800
-66979 -401874
-100432 -602592
45848 275088
157924 947544
158146 948876
-77160 -462960
8
774485 -768862
-173990 -648742
337828 -956236
-598340 -911467
-959213 -528647
931749 -541453
-863689 271151
-206494 -539083
15
-50119 -858724
-371920 371323
-37431 622394
-228088 894398
936320 -369327
951181 -56357
610134 746097
-181749 156671
217688 143767
230540 303335
-75743 995599
-164700 -528114
-734183 -749853
-278802 -96182
733373 -470968
15
776426 262277
610514 -548143
-208311 55196
551400 739133
977434 960006
-872973 -326098
-567259 577368
-928441 -214854
-278519 488463
430149 -365068
-464048 -175985
-583459 -443275
-304670 133291
-854561 849804
-321819 269668
15
-583918 316091
592667 -917310
362318 831432
586639 816
620832 -394181
741785 446155
-51366 -970663
978514 636855
-77508 -810771
678658 849074
81365 856135
-286521 6262
753564 390109
420369 -789966
203600 750598
10
492287 959849
118269 -1000000
454269 990017
-931296 -1000000
-426611 -318882
609832 938213
993747 -916098
-535647 -725563
242896 248428
-342367 366532
4
807423 -510144
545332 44666
-357808 238163
45411 -281003
5
931004 -1000000
774905 -1000000
416535 -1000000
987112 -1000000
-27690 -1000000
3
1000000 703605
1000000 -388191
1000000 -140872
7
-199485 -359073
-172804 -213048
-414885 -746793
-698143 815157
-528935 -952083
-80390 -144702
-70099 -125713
15
-186431 825935
859432 -74817
-141157 445340
-746586 -432933
-268059 -715244
632533 863216
-727277 -753687
-171921 969987
517815 -453640
-895397 -565447
474529 -870524
747192 -239520
785416 -508371
741968 -240672
838539 -958857
10
951623 298406
-485627 -112114
101595 -750224
-764194 218767
-364463 -1000000
358120 -328794
767005 -920478
403970 -627289
-672065 726537
-475744 -1000000
15
-481571 -348365
907892 -777258
-175534 601272
-998700 -313160
-451561 -448354
558249 133386
888469 -772451
-940217 339421
13019 321447
814901 146742
-169034 -98956
627739 -547187
-773527 -663736
986517 50229
174266 462173
11
-924883 -457
549905 -368198
848940 458164
-239600 229831
-924883 -432728
-89328 -392426
63628 -642891
-924883 -824288
-69892 955387
34546 -652085
-671658 398030
10
555686 400175
-278770 -999291
722490 752774
-544514 -733386
646205 -83470
160446 -568106
-49009 -389738
-296976 -523039
828740 937452
-707341 -395122
14
610014 911102
-183320 931902
934744 45290
-260353 283024
721382 -214594
89185 994758
-971105 -708704
268140 -912641
-712430 -675527
258929 714100
953827 13602
649514 360095
150081 -219755
46848 955165
12
989069 451276
250260 -166840
-887315 717423
322221 -108554
766607 -10898
-80754 53836
611178 -407452
956552 414862
619359 -353450
-217746 145164
45640 439500
87162 -58108
15
703597 -317007
472566 -9624
21320 504832
-9459 -279274
-780123 402302
860822 967742
-712686 -526376
776659 844574
188872 -893374
946565 -854299
244198 -887366
-713589 509751
-290437 612934
-746107 -785066
-890981 -499715
5
452607 452607
984984 984984
-787419 -787419
-548172 -548172
591993 591993
15
729360 258180
-475435 359219
650539 -780905
599079 797915
-419945 453999
352187 -688669
-194468 -581280
-299404 883568
972195 -210625
-529946 -419514
791356 -950335
468198 -571183
18809 -4456
642883 904963
872641 -411694
1
976783 505811
11
-87692 -482952
-872561 -482952
-825846 -482952
-896766 -482952
306091 -482952
-518028 -482952
969369 -482952
748152 -482952
826655 -482952
584726 -482952
-72276 -482952
15
495663 277435
-563299 346564
-81354 -683236
905913 531825
34789 -113088
-787511 525704
-441727 243233
-706535 608450
782305 178011
557164 -241317
99971 -910381
761250 642550
398091 659677
484446 396785
-736275 485153
6
859901 634949
-16356 634949
873220 634949
-917910 634949
-7134 634949
522731 634949
8
-846241 160731
-559812 160731
-109664 160731
-196935 160731
469987 160731
861450 160731
26325 160731
882907 160731
5
-903654 313018
625271 -661019
-180747 -176779
-296312 209723
863747 639311
14
-218461 1000000
861233 878327
-342552 1000000
284319 -550965
-352882 1000000
-229776 -537425
-77340 1000000
-419062 246546
221280 -772650
-235449 -277403
899156 553068
-250517 875823
-809434 1000000
-404556 1000000
13
634046 1000000
-704313 1000000
-910814 1000000
-416107 1000000
-276066 1000000
997020 1000000
-137506 1000000
657722 1000000
834554 1000000
778397 1000000
69247 1000000
-599215 1000000
140415 1000000
14
473283 -473283
-932742 932742
-615801 615801
-300930 300930
122985 -122985
817467 -817467
317493 -317493
49578 -49578
-551004 551004
595368 -595368
-131079 131079
875271 -875271
-116535 116535
-629916 629916
8
-139590 554295
-73122 944144
-523760 -212408
-690338 -955076
-135468 -569994
839040 706979
-470256 933560
536923 298873
13
-707433 707433
101787 -101787
-392667 392667
368934 -368934
673299 -673299
-25014 25014
283428 -283428
521415 -521415
-61530 61530
826926 -826926
578022 -578022
25452 -25452
-384627 384627
3
615632 -1000000
290539 557389
-443870 892406
15
-489350 556609
123977 179520
38787 -882632
366630 968205
-260427 -502070
348475 704101
964722 249075
-329957 -773436
253011 208077
-653058 -555483
153087 366138
-332921 -648919
219369 -541062
678284 -509778
-560092 480408
4
-361449 -336043
-248094 -336043
-843630 -336043
407867 -336043
5
576155 166035
-281519 -81318
-527647 -85409
716992 -126896
737367 -124019
11
-172176 -107610
-424856 -265535
-208824 -130515
944008 590005
-590696 -369185
-791344 -494590
-368232 -230145
264344 165215
497888 311180
-182008 -113755
-792024 -495015
7
543400 371865
376561 371865
-750581 371865
-652747 371865
186214 371865
-247150 371865
-645910 371865
4
-432578 -1000000
391757 -1000000
-482355 -1000000
457661 -1000000
12
-267943 -10413
255306 -844369
-687282 -766692
434829 -550817
655645 -758553
-872346 -35366
944239 835494
-893714 -491264
24791 -898471
718381 403500
850101 546676
567946 -870966
5
730779 69762
792590 -237777
-657012 865873
289495 524098
-349986 809448
12
-903708 1000000
451450 1000000
43206 -366207
-656476 -774830
793806 417690
365905 1000000
-701097 1000000
891618 930301
-296756 461308
806127 1000000
-6583 672261
-148192 -800462
3
-338058 -518320
-600111 -780745
618237 431002
12
-688134 492295
-672481 -18687
-560603 -719856
-799597 -98922
600774 -35175
-420888 -825631
255609 -508025
610801 174798
-20419 713500
-877879 230242
803432 91653
281932 188695
10
36107 -1000000
-643061 -1000000
354563 -1000000
735681 -1000000
15356 -1000000
-244835 -1000000
-602551 -1000000
-999833 -1000000
-711676 -1000000
618136 -1000000
8
519431 -928384
470606 -47328
-494794 -141899
-295903 -149414
709624 454220
242122 331760
-399487 24143
-610257 140013
12
994651 -882357
123551 33343
552362 621044
215118 -169122
649762 -123480
-214162 775777
423321 -442442
658682 459035
310199 716586
-589491 789558
296290 -752685
-870157 -631126
11
-168049 323046
-329748 164874
20227 212689
-807798 403899
898708 268417
516690 -258345
3412 769934
345156 -172578
-993342 496671
-658932 329466
-747342 373671
3
509426 -180106
509426 -49036
509426 -356516
11
-165097 -889271
-319408 -342149
-458601 807493
850844 466852
891318 628742
-769839 -885204
-308870 -112727
-638220 -815195
-39616 332528
508497 411866
409660 -151050
15
-938982 49802
858564 -448060
-870753 -491842
-916756 -448847
-612773 351711
141296 219643
-129501 -979314
472003 843235
795238 321861
-837239 356182
-489765 -462385
504378 987014
745118 160619
-240104 785202
233494 -677996
11
898388 634338
813537 -90393
930573 -103397
-913581 101509
-147924 16436
821827 746858
80314 559171
872417 299933
122759 559299
595114 762561
-335118 587163
15
-123578 -459436
84328 -434227
-617544 -558967
109130 895799
97150 -171275
995220 -682359
32772 726074
301079 -879432
-128506 -427810
-31733 714590
204480 -556339
-423415 -393675
740171 350817
153312 501258
437700 522848
14
813075 -813075
-480660 480660
-319527 319527
-441390 441390
-888528 888528
-232209 232209
809007 -809007
134715 -134715
-228888 228888
54714 -54714
252777 -252777
433653 -433653
-320709 320709
-373029 373029
7
786378 743406
513342 239018
-450493 -778425
-856212 743406
652394 -316317
144561 743406
-111494 743406
15
-875621 184993
903659 -137830
-139739 578402
-437907 351316
-888490 273011
-486685 873955
-59309 58155
36593 -233002
669757 996742
-660020 -313435
-936248 800094
718999 -277383
-846280 -635828
660717 899548
588483 88930
15
-857229 815345
82894 986228
-905024 -593810
730219 146955
644451 9508
21660 478726
-67068 -375994
459635 869766
470282 -30703
-794510 491679
-764711 503154
990193 575986
-684223 46253
-774438 -960959
312718 -898123
13
-449501 9400
219593 994598
176908 115737
918940 9400
-516897 9400
808672 146881
150811 9400
548580 677433
-204811 9400
187228 9400
319261 742229
-249671 293016
150115 465280
14
481161 -159366
-705458 7576
885078 -783396
-674773 291862
-169849 -105437
-247459 -887714
-415838 -168148
365372 337356
8303 -847442
-398412 776500
-708137 265078
-524728 -549739
431796 857542
433666 -366119
6
-641068 -942311
-236929 -37720
415107 -736726
325999 465462
726437 -449677
-839463 936925
15
572493 -29108
736306 849875
-762413 -735757
-215055 -971158
-352539 -249952
-997145 -464392
-113772 501470
559591 -102277
-628409 -92160
291757 53978
748943 -244259
641199 -350286
-54507 815062
529288 376290
610886 -99513
15
-906063 737695
-970957 53079
871451 -677174
-139735 -730238
420286 -56029
-833897 935228
-711412 793912
497679 -242196
-135615 748375
-123926 -371893
198590 -984367
-35354 94675
98561 -998229
318245 933090
-771908 -968083
15
-309512 -336528
-541141 -677031
-346998 696829
-416614 -476072
-25497 -33358
-966396 925346
536961 633237
-657107 -786654
-643691 95165
509399 -648313
494170 783487
564246 -530129
83683 -974662
130259 -962803
485404 -738760
10
521879 -712613
-437821 374783
647253 631494
-305338 -653530
16851 379201
-335836 -983704
888626 631494
-337506 -157352
-204975 631494
-544168 631494
10
-759389 -462364
-823703 -843894
1000000 970453
1000000 -923596
1000000 -921162
1000000 393597
1000000 -17910
1000000 65089
1000000 -779020
901728 -719060
7
1000000 -85571
1000000 294791
1000000 717971
1000000 -960726
1000000 -668705
1000000 967055
1000000 -744316
15
-968265 -887400
703080 128043
-782528 274456
-370682 556008
955478 287641
-172965 619190
-680327 651315
-456689 35339
-625711 518592
-216506 -157961
724020 -616306
923843 491073
-374407 610946
597899 -869166
-239468 -133853
15
380069 -961563
269208 131454
126006 -661871
-427887 29589
226644 249429
-918799 687085
-101499 -816372
-174790 67015
-491265 -514484
-321667 -157920
-772223 356144
75325 -243035
800423 -717430
-918309 -281197
955666 106013
8
-12415 152955
616727 152955
-425815 152955
484831 386664
935527 152955
904636 152955
397325 152955
108950 152955
6
590496 787328
-400644 -534192
-658335 -877780
-715023 -953364
-14726 817280
185037 246716
4
312644 684875
717256 -645275
-797789 384066
8900 735104
7
884457 18216
135889 56884
-727693 343848
231348 -417269
232874 446358
-507271 -882509
212992 836543
12
-646686 452548
631718 -765858
-322878 -751078
126532 483571
-637609 666169
-669857 570089
-486168 -557844
-892121 -370470
138839 381730
460555 967572
410908 -82369
-603186 -891385
14
737387 793204
318157 945824
280105 525141
-363215 437795
68580 -316446
305748 -415749
59334 -308094
904058 964859
-945961 897225
330755 371504
-563665 73815
-240192 -343898
946287 -322246
-840855 871654
12
685198 -74019
269114 -514312
852820 -74019
298776 -894368
752287 -775349
-412887 -74019
-383746 -74019
973604 -74019
161514 -74019
-127895 -258157
450659 -349485
194076 -74019
9
-2857 -390828
67818 -257586
293022 -234289
597043 -758541
514209 694171
-91217 694171
644400 -26689
770323 694171
-824231 -596779
8
-905319 1000000
310616 1000000
-23322 1000000
584386 1000000
25897 1000000
365638 1000000
810363 1000000
499748 1000000
2
-889985 624628
-889985 127069
15
609267 735447
-904852 691237
-128856 -879462
-944313 732519
685847 531765
-448003 -559054
-893990 -314832
-117725 -535538
-678321 392272
573504 842385
31612 -299777
937989 -783182
252629 -665859
519856 172090
-395805 777768
9
-146256 73128
38292 -19146
926648 -463324
-571288 285644
-127920 63960
769660 -384830
37656 -18828
-622908 311454
124676 -62338
11
-254484 958923
-37289 407961
-348189 138996
-687430 -103095
-687430 19977
-542725 924015
358781 -299005
-264429 -382969
-687430 445474
811694 847160
-687430 369028
9
208887 89523
103460 44340
32011 13719
-797160 -341640
934955 400695
6195 2655
11571 4959
20251 8679
149359 64011
8
801661 731258
481368 782123
-283488 233641
-108306 748984
-320450 128180
527680 21042
-835410 334164
-517101 451926
3
-546200 -68275
-674343 -331925
-696201 -661809
12
137875 -102374
640621 -102374
517133 -102374
639200 -102374
578460 -102374
-449098 -102374
630795 -102374
-220873 -102374
300883 -102374
856514 -102374
-99498 -102374
-346981 -102374
7
966244 -673893
944223 -341160
690856 -50753
-17525 -320935
3180 1272
241083 -527968
-553100 -221240
15
167073 852370
-319908 82660
590504 459517
710721 -917829
344376 986362
-824443 575104
-373447 -609636
-418937 282720
943526 -650132
955281 -383715
523749 -664099
-283949 -352629
301008 264976
664563 -635484
-866222 432520
13
-727719 -59736
-502343 -1000000
-606895 472396
-434573 -876497
-542915 -1000000
478032 -1000000
-420755 141092
379826 -1000000
107473 192620
897157 -1000000
515852 -1000000
819137 -1000000
53598 -914328
5
1000000 -747499
311549 -860216
-983706 -805320
1000000 -26204
-133992 238234
15
-379432 657406
-240937 458753
-649006 493759
-985395 535223
-411308 -383243
-490110 422729
219507 -591501
263746 -230672
211941 -171068
-960089 -26384
-674344 471308
516521 377795
-740396 -967969
313776 300952
490333 -588757
9
223110 -1000000
-277103 -1000000
91412 -1000000
-419432 -1000000
264682 -1000000
259771 -1000000
375401 -1000000
-826406 -1000000
-329103 -1000000
