100
4 4
1.4000
0.5000 0.7000 0.8000 0.6000
2 2
1.0000
0.0000 0.0000
2 2
0.0000
0.9000 0.8000
2 2
0.1000
0.4000 0.5000
49 49
17.4492
0.9862 0.7710 0.9432 0.6062 0.8065 0.9466 0.4044 0.4437 0.2817 0.0300 0.9952 0.7243 0.7913 0.6123 0.2047 0.1061 0.8956 0.4155 0.6406 0.8435 0.4726 0.9103 0.0438 0.3716 0.8631 0.4239 0.8595 0.1809 0.3476 0.7502 0.8506 0.9236 0.0361 0.4823 0.4983 0.2680 0.9228 0.7346 0.9105 0.3466 0.9960 0.3094 0.8498 0.9722 0.6827 0.1004 0.0496 0.3925 0.1800
45 45
21.7991
0.3301 0.8717 0.2365 0.6692 0.4232 0.1266 0.4527 0.0908 0.8010 0.0255 0.5157 0.6616 0.1897 0.6727 0.1398 0.4215 0.6083 0.1429 0.1294 0.5538 0.6830 0.9393 0.2159 0.5602 0.5516 0.4321 0.2723 0.5088 0.6881 0.3496 0.1622 0.4485 0.3939 0.2450 0.6614 0.7869 0.8239 0.9011 0.1214 0.9940 0.4557 0.8847 0.2781 0.0067 0.0848
49 49
23.6463
0.3259 0.9360 0.6187 0.3116 0.6383 0.0190 0.8078 0.1035 0.7117 0.4826 0.2286 0.2543 0.1058 0.7149 0.1572 0.7045 0.1383 0.1355 0.2828 0.2672 0.2645 0.2171 0.5627 0.8356 0.1720 0.2739 0.6781 0.0278 0.2776 0.0568 0.1844 0.4455 0.1466 0.3518 0.2821 0.8317 0.9181 0.1955 0.9239 0.6634 0.4343 0.0195 0.4311 0.2922 0.5062 0.0283 0.7776 0.3649 0.7365
2 2
0.5000
0.5000 0.5000
49 49
15.7089
0.2801 0.6025 0.3408 0.4008 0.3508 0.0521 0.6505 0.7303 0.8332 0.4916 0.9629 0.1711 0.9658 0.7201 0.2555 0.3145 0.0643 0.3431 0.6150 0.6392 0.5360 0.3585 0.6156 0.3063 0.4130 0.6999 0.4411 0.5697 0.2748 0.5420 0.9269 0.6200 0.7297 0.9554 0.7622 0.1038 0.1536 0.7548 0.2676 0.7885 0.4809 0.8138 0.4884 0.3244 0.9402 0.2929 0.4599 0.7027 0.7100
50 50
0.0049
0.9999 0.9999 0.9999 0.9999 0.9999 0.9999 0.9999 0.9999 0.9999 0.9999 0.9999 0.9999 0.9999 0.9999 0.9999 0.9999 0.9999 0.9999 0.9999 0.9999 0.9999 0.9999 0.9999 0.9999 0.9999 0.9999 0.9999 0.9999 0.9999 0.9999 0.9999 0.9999 0.9999 0.9999 0.9999 0.9999 0.9999 0.9999 0.9999 0.9999 0.9999 0.9999 0.9999 0.9999 0.9999 0.9999 0.9999 0.9999 0.9999 0.9999
45 45
18.9020
0.1282 0.3420 0.9430 0.4695 0.0041 0.1088 0.6545 0.0724 0.8919 0.9251 0.7438 0.6504 0.1433 0.1018 0.7938 0.1915 0.6640 0.3729 0.9122 0.1958 0.8249 0.4894 0.0102 0.6922 0.6714 0.9893 0.4786 0.2555 0.4528 0.1002 0.6678 0.7552 0.0245 0.3526 0.1509 0.0559 0.3758 0.3612 0.3216 0.9101 0.5241 0.0517 0.2388 0.8054 0.5245
50 50
50.0000
0.0000 0.0000 0.0000 0.0000 0.0000 0.0000 0.0000 0.0000 0.0000 0.0000 0.0000 0.0000 0.0000 0.0000 0.0000 0.0000 0.0000 0.0000 0.0000 0.0000 0.0000 0.0000 0.0000 0.0000 0.0000 0.0000 0.0000 0.0000 0.0000 0.0000 0.0000 0.0000 0.0000 0.0000 0.0000 0.0000 0.0000 0.0000 0.0000 0.0000 0.0000 0.0000 0.0000 0.0000 0.0000 0.0000 0.0000 0.0000 0.0000 0.0000
2 2
0.3333
0.0000 0.0000
48 48
20.6385
0.1346 0.6571 0.7556 0.5873 0.4308 0.9462 0.0821 0.2449 0.3243 0.9228 0.7239 0.0286 0.1764 0.8930 0.1672 0.3161 0.0962 0.2804 0.8711 0.3223 0.7210 0.0985 0.3750 0.8716 0.3267 0.7275 0.2351 0.4932 0.2184 0.2977 0.9117 0.6329 0.8814 0.9103 0.2787 0.0295 0.8537 0.7836 0.6915 0.2943 0.3263 0.5473 0.6384 0.3968 0.2891 0.6112 0.1157 0.9537
48 48
18.9404
0.0622 0.0700 0.3121 0.7071 0.4762 0.5743 0.1500 0.8597 0.3005 0.4373 0.0646 0.9812 0.4139 0.3315 0.3523 0.2433 0.9532 0.2950 0.2715 0.2386 0.9058 0.9684 0.4534 0.5845 0.4110 0.0078 0.4958 0.8844 0.2365 0.3974 0.0865 0.0669 0.9254 0.7360 0.4687 0.1083 0.1948 0.1137 0.6965 0.1173 0.1752 0.2278 0.7379 0.1498 0.8690 0.0173 0.3549 0.5356
47 47
18.2179
0.0475 0.5407 0.6811 0.4520 0.4195 0.8493 0.9379 0.0917 0.7578 0.7932 0.8638 0.0756 0.8799 0.0767 0.7115 0.2527 0.7820 0.4715 0.7350 0.1539 0.5912 0.9214 0.8244 0.2300 0.8528 0.3720 0.9235 0.9718 0.1102 0.7032 0.4912 0.7830 0.0603 0.3153 0.8530 0.4085 0.8761 0.8587 0.1288 0.2262 0.5279 0.9478 0.5073 0.7043 0.9800 0.9478 0.4334
49 49
17.3945
0.4012 0.8746 0.3072 0.2531 0.2151 0.2966 0.7093 0.0184 0.5286 0.1966 0.4520 0.7010 0.4185 0.4399 0.9223 0.1145 0.4680 0.3220 0.1667 0.9882 0.5371 0.7654 0.9099 0.6315 0.7018 0.4283 0.1054 0.0544 0.1651 0.1974 0.6167 0.6806 0.4066 0.6403 0.6286 0.3480 0.0973 0.6273 0.8367 0.5914 0.6053 0.5108 0.5067 0.7325 0.8643 0.6840 0.5911 0.6228 0.9476
45 45
14.1189
0.8641 0.7860 0.8694 0.4363 0.9242 0.8036 0.5182 0.0056 0.6206 0.6353 0.7147 0.5297 0.1698 0.3578 0.9486 0.3655 0.3366 0.3285 0.9238 0.5880 0.7336 0.5162 0.7953 0.0891 0.5812 0.4834 0.9632 0.6287 0.6494 0.1457 0.8655 0.5030 0.4167 0.5366 0.5215 0.3034 0.5462 0.1968 0.6224 0.9666 0.4883 0.8272 0.8677 0.5323 0.5499
50 50
0.0000
0.3333 0.3333 0.3333 0.3333 0.3333 0.3333 0.3333 0.3333 0.3333 0.3333 0.3333 0.3333 0.3333 0.3333 0.3333 0.3333 0.3333 0.3333 0.3333 0.3333 0.3333 0.3333 0.3333 0.3333 0.3333 0.3333 0.3333 0.3333 0.3333 0.3333 0.3333 0.3333 0.3333 0.3333 0.3333 0.3333 0.3333 0.3333 0.3333 0.3333 0.3333 0.3333 0.3333 0.3333 0.3333 0.3333 0.3333 0.3333 0.3333 0.3333
48 48
17.4466
0.9302 0.6660 0.9305 0.4265 0.0192 0.7274 0.0659 0.3681 0.7466 0.0220 0.5226 0.5910 0.5309 0.4163 0.2514 0.1145 0.1173 0.8245 0.1055 0.4917 0.4130 0.8521 0.5129 0.7450 0.9264 0.9601 0.1668 0.0692 0.8302 0.2304 0.1891 0.4952 0.4758 0.2094 0.3912 0.0138 0.5281 0.9214 0.2867 0.7845 0.9761 0.4608 0.0160 0.7546 0.3324 0.3439 0.6373 0.5469
48 48
18.4383
0.2582 0.5910 0.6794 0.2927 0.1942 0.3093 0.4170 0.9646 0.3898 0.8544 0.9078 0.5156 0.2740 0.5171 0.4801 0.1590 0.1505 0.7323 0.1824 0.2508 0.8789 0.1682 0.2601 0.6296 0.5440 0.1148 0.2193 0.5852 0.8056 0.4621 0.1009 0.2782 0.3557 0.3719 0.2272 0.1569 0.4177 0.8126 0.1277 0.9542 0.9673 0.4485 0.3849 0.4987 0.9671 0.8020 0.9772 0.7412
45 45
18.0788
0.5300 0.7715 0.5182 0.7920 0.8527 0.8203 0.2737 0.4652 0.6953 0.3388 0.5611 0.5708 0.7063 0.9775 0.1730 0.2480 0.2645 0.0815 0.8825 0.3620 0.3263 0.3276 0.0515 0.1449 0.9833 0.9967 0.7003 0.3617 0.5479 0.0054 0.5529 0.5074 0.7946 0.1014 0.0265 0.7508 0.8506 0.3084 0.0748 0.4338 0.1529 0.9665 0.4151 0.3336 0.9067
49 49
26.2658
0.3154 0.0610 0.3837 0.0722 0.9673 0.1540 0.7813 0.4493 0.0347 0.2719 0.2388 0.0388 0.8492 0.1539 0.1039 0.4405 0.1933 0.0968 0.9979 0.3733 0.9746 0.0607 0.7671 0.5605 0.7939 0.3964 0.5961 0.0789 0.3827 0.0455 0.0537 0.9217 0.6303 0.9839 0.8957 0.2189 0.1146 0.7548 0.4972 0.1505 0.0355 0.5889 0.8992 0.9862 0.3872 0.8545 0.2985 0.8680 0.3986
47 47
19.9265
0.1021 0.3864 0.2210 0.0813 0.8523 0.9016 0.2960 0.6440 0.9908 0.5749 0.2962 0.2415 0.9325 0.6437 0.9662 0.3702 0.5463 0.9230 0.4357 0.5065 0.0260 0.1397 0.7441 0.2623 0.0254 0.1269 0.3156 0.5967 0.1325 0.0740 0.0678 0.6495 0.5840 0.5164 0.6690 0.5489 0.4761 0.2148 0.2319 0.8419 0.2311 0.8100 0.4569 0.3951 0.4630 0.0196 0.8800
45 45
3.5904
0.4654 0.8465 0.9563 0.3892 0.4820 0.3085 0.5127 0.2414 0.7398 0.1036 0.2361 0.4031 0.9111 0.7976 0.4244 0.4520 0.4568 0.3880 0.5679 0.7248 0.7122 0.3028 0.3655 0.5221 0.8075 0.3448 0.4972 0.5776 0.3252 0.6697 0.3308 0.3324 0.6942 0.2692 0.8268 0.1720 0.8945 0.3233 0.1824 0.1847 0.4581 0.7715 0.4465 0.1272 0.1018
47 47
21.7155
0.5833 0.3075 0.0775 0.1508 0.3173 0.8092 0.1036 0.8077 0.9538 0.9329 0.0447 0.2562 0.1390 0.0749 0.4834 0.0889 0.1486 0.8876 0.9202 0.5121 0.0553 0.9488 0.1989 0.1820 0.9062 0.2234 0.7912 0.1203 0.0447 0.7693 0.4270 0.3989 0.8741 0.2614 0.5320 0.4971 0.7359 0.1795 0.6614 0.5578 0.5127 0.6850 0.8614 0.2424 0.9188 0.4794 0.7134
46 46
19.4289
0.5836 0.2551 0.9385 0.2900 0.6192 0.0053 0.6921 0.2995 0.0843 0.6980 0.3115 0.6985 0.8893 0.4255 0.4839 0.2287 0.2641 0.4520 0.3659 0.7761 0.1025 0.5042 0.8097 0.3411 0.3905 0.5553 0.1346 0.0021 0.4246 0.4466 0.0919 0.7647 0.1759 0.7192 0.8808 0.2823 0.4845 0.0462 0.5380 0.3838 0.0590 0.3227 0.8010 0.1194 0.6620 0.9818
46 46
19.9019
0.0598 0.6234 0.3961 0.0066 0.7967 0.3427 0.7562 0.4234 0.8875 0.4725 0.2807 0.0783 0.0684 0.8401 0.6523 0.5097 0.6213 0.9297 0.8415 0.6416 0.3347 0.4200 0.3556 0.3834 0.0475 0.2873 0.3164 0.0686 0.3981 0.9390 0.3702 0.1559 0.6856 0.0052 0.2222 0.0347 0.6947 0.7087 0.5365 0.1060 0.1606 0.6791 0.7987 0.9962 0.3328 0.9360
50 50
0.0000
1.0000 1.0000 1.0000 1.0000 1.0000 1.0000 1.0000 1.0000 1.0000 1.0000 1.0000 1.0000 1.0000 1.0000 1.0000 1.0000 1.0000 1.0000 1.0000 1.0000 1.0000 1.0000 1.0000 1.0000 1.0000 1.0000 1.0000 1.0000 1.0000 1.0000 1.0000 1.0000 1.0000 1.0000 1.0000 1.0000 1.0000 1.0000 1.0000 1.0000 1.0000 1.0000 1.0000 1.0000 1.0000 1.0000 1.0000 1.0000 1.0000 1.0000
48 48
14.8738
0.5795 0.7906 0.8556 0.8893 0.4104 0.5361 0.3351 0.4164 0.9465 0.1653 0.5216 0.3652 0.0428 0.1105 0.0675 0.6471 0.5846 0.9100 0.0574 0.7248 0.7116 0.2101 0.4526 0.5275 0.1440 0.9480 0.7593 0.6354 0.9754 0.6291 0.4555 0.4322 0.6109 0.8303 0.1735 0.9044 0.4139 0.6501 0.9005 0.9742 0.2194 0.7162 0.6552 0.7158 0.9512 0.3059 0.1308 0.1572
1 1
1.0000
0.0000
47 47
22.1039
0.0606 0.1323 0.2867 0.6469 0.0633 0.4241 0.3118 0.2918 0.7700 0.9364 0.7107 0.2850 0.7273 0.2322 0.2934 0.4194 0.7703 0.5387 0.1467 0.9957 0.0908 0.2802 0.6658 0.7825 0.4803 0.5001 0.1387 0.5025 0.9640 0.9517 0.4470 0.9367 0.7200 0.3099 0.1943 0.0724 0.9665 0.0393 0.2328 0.6963 0.6759 0.2600 0.5711 0.4391 0.3124 0.2758 0.6095
49 49
16.9196
0.8314 0.7083 0.5837 0.8657 0.0068 0.7132 0.7202 0.5072 0.2434 0.6313 0.6646 0.5102 0.1203 0.3891 0.4016 0.3365 0.4979 0.5016 0.6354 0.8830 0.2475 0.2933 0.2538 0.7971 0.5038 0.4177 0.8808 0.6051 0.5840 0.5109 0.5739 0.2137 0.7151 0.0932 0.9184 0.5905 0.3039 0.6720 0.2152 0.9982 0.0258 0.6750 0.7813 0.2223 0.2060 0.9353 0.5951 0.8490 0.0994
46 46
20.1293
0.4331 0.3881 0.6059 0.8404 0.5174 0.4664 0.1879 0.5924 0.2533 0.3020 0.2125 0.1852 0.9231 0.6770 0.7655 0.9636 0.6499 0.6308 0.1089 0.7657 0.9640 0.7249 0.1872 0.4052 0.2694 0.1661 0.8217 0.5404 0.0612 0.2334 0.2737 0.5696 0.1222 0.5227 0.4616 0.5318 0.0097 0.8366 0.5730 0.3556 0.2839 0.0698 0.7052 0.7511 0.7329 0.1755
50 50
22.8876
0.6675 0.6383 0.5101 0.6614 0.9062 0.5298 0.7599 0.5859 0.7626 0.8106 0.3132 0.2928 0.8043 0.3250 0.3428 0.2049 0.6470 0.9652 0.1690 0.4851 0.4203 0.5450 0.2073 0.1550 0.3490 0.8074 0.8347 0.3649 0.0020 0.1927 0.9287 0.4085 0.4426 0.1023 0.0801 0.5591 0.6407 0.3592 0.8771 0.4202 0.6116 0.8946 0.2555 0.8830 0.0133 0.1923 0.5533 0.1115 0.6542 0.1222
45 45
16.3617
0.4331 0.8221 0.4553 0.3061 0.9583 0.2341 0.9814 0.5168 0.9763 0.4454 0.5076 0.7974 0.1414 0.6963 0.5280 0.6748 0.0945 0.1409 0.2061 0.7529 0.9803 0.8165 0.9478 0.7732 0.0006 0.9591 0.5585 0.4628 0.1003 0.9452 0.7365 0.3231 0.5003 0.9183 0.5700 0.5389 0.2629 0.6338 0.3917 0.7761 0.9335 0.2700 0.4845 0.0193 0.1468
50 50
0.6901
0.9926 0.0857 0.8733 0.9318 0.9641 0.7255 0.7287 0.7744 0.6759 0.6915 0.0863 0.2683 0.1761 0.2187 0.5160 0.1224 0.0932 0.3512 0.0539 0.5983 0.3337 0.8091 0.1546 0.6598 0.8764 0.3303 0.7742 0.7417 0.3724 0.5109 0.6986 0.9438 0.2665 0.7205 0.3483 0.2791 0.8265 0.0770 0.7951 0.0507 0.1842 0.5154 0.2108 0.1090 0.3158 0.6196 0.2215 0.8871 0.8928 0.2443
4 4
1.3999
0.6000 0.8000 0.5000 0.7000
48 48
20.7653
0.1216 0.2580 0.5503 0.6718 0.6039 0.9904 0.7727 0.0059 0.0435 0.0058 0.2683 0.4935 0.5996 0.1039 0.9802 0.5683 0.3241 0.5503 0.8136 0.1621 0.3220 0.5556 0.9149 0.7784 0.8559 0.3878 0.3792 0.5608 0.6935 0.5999 0.5589 0.8884 0.7653 0.4486 0.6268 0.2751 0.3933 0.1810 0.3822 0.5624 0.0676 0.7115 0.9946 0.4457 0.2614 0.2302 0.2204 0.0539
50 50
0.0000
0.8700 0.8700 0.8700 0.8700 0.8700 0.8700 0.8700 0.8700 0.8700 0.8700 0.8700 0.8700 0.8700 0.8700 0.8700 0.8700 0.8700 0.8700 0.8700 0.8700 0.8700 0.8700 0.8700 0.8700 0.8700 0.8700 0.8700 0.8700 0.8700 0.8700 0.8700 0.8700 0.8700 0.8700 0.8700 0.8700 0.8700 0.8700 0.8700 0.8700 0.8700 0.8700 0.8700 0.8700 0.8700 0.8700 0.8700 0.8700 0.8700 0.8700
50 50
0.0000
0.9999 0.9999 0.9999 0.9999 0.9999 0.9999 0.9999 0.9999 0.9999 0.9999 0.9999 0.9999 0.9999 0.9999 0.9999 0.9999 0.9999 0.9999 0.9999 0.9999 0.9999 0.9999 0.9999 0.9999 0.9999 0.9999 0.9999 0.9999 0.9999 0.9999 0.9999 0.9999 0.9999 0.9999 0.9999 0.9999 0.9999 0.9999 0.9999 0.9999 0.9999 0.9999 0.9999 0.9999 0.9999 0.9999 0.9999 0.9999 0.9999 0.9999
47 47
2.2784
0.5550 0.2346 0.1005 0.9042 0.1277 0.1664 0.5519 0.8156 0.0708 0.9056 0.9963 0.7586 0.6587 0.4354 0.7958 0.1539 0.8419 0.9770 0.6506 0.1370 0.1637 0.4923 0.3635 0.7939 0.1427 0.8193 0.6562 0.8489 0.1028 0.3364 0.9917 0.3084 0.7511 0.2816 0.8278 0.6483 0.0239 0.4495 0.8840 0.3553 0.1305 0.1259 0.6852 0.3204 0.9460 0.6641 0.1902
46 46
16.9462
0.9593 0.3956 0.6978 0.6329 0.0599 0.6294 0.8316 0.1673 0.8639 0.4296 0.1550 0.2135 0.9817 0.8010 0.8923 0.5846 0.6956 0.7644 0.6688 0.2342 0.5572 0.2929 0.6925 0.0701 0.2358 0.3720 0.7256 0.6672 0.2156 0.0273 0.9564 0.9642 0.8384 0.1599 0.7004 0.9425 0.8906 0.0691 0.7261 0.0956 0.1315 0.1617 0.7271 0.6269 0.8338 0.7947
45 45
21.2513
0.5857 0.1828 0.1979 0.3770 0.0332 0.1517 0.9002 0.7171 0.7749 0.3400 0.4235 0.5924 0.3140 0.0187 0.9666 0.6427 0.3220 0.3984 0.3284 0.1336 0.6056 0.2463 0.0377 0.0623 0.4289 0.5500 0.2449 0.1979 0.5871 0.6214 0.4742 0.3749 0.6089 0.8064 0.6265 0.2107 0.2866 0.1790 0.8338 0.3906 0.8353 0.6821 0.3946 0.9096 0.9134
50 50
21.4881
0.3059 0.3828 0.4518 0.7529 0.2185 0.0764 0.3562 0.5881 0.5735 0.0348 0.0965 0.9215 0.1027 0.5379 0.6639 0.9867 0.3701 0.7754 0.1730 0.3497 0.4756 0.5197 0.1013 0.6548 0.7060 0.2638 0.3204 0.8372 0.0496 0.6827 0.5612 0.5251 0.1742 0.8365 0.5198 0.6362 0.6575 0.3835 0.8732 0.2833 0.6746 0.3354 0.6878 0.2563 0.7831 0.1577 0.7534 0.8619 0.6807 0.5792
1 1
0.0000
1.0000
50 50
18.9510
0.3956 0.4000 0.2585 0.9287 0.7763 0.6245 0.8595 0.4911 0.9796 0.5707 0.8292 0.6598 0.4303 0.7263 0.6991 0.9631 0.5134 0.5189 0.0339 0.9993 0.8307 0.2246 0.8981 0.1920 0.3440 0.7050 0.7562 0.4629 0.2038 0.4957 0.6962 0.0610 0.0458 0.9430 0.9778 0.2419 0.5963 0.6045 0.0947 0.3431 0.9928 0.5012 0.4173 0.4339 0.0253 0.6878 0.1535 0.8162 0.1016 0.5446
49 49
19.5522
0.2315 0.0531 0.4254 0.6186 0.3118 0.4461 0.5023 0.3004 0.2650 0.6264 0.5323 0.7661 0.1494 0.8074 0.7631 0.2205 0.0634 0.1817 0.2643 0.4363 0.5607 0.2587 0.9692 0.0821 0.2789 0.2809 0.4941 0.4100 0.0603 0.4001 0.2010 0.7271 0.3965 0.1274 0.0087 0.3844 0.4492 0.1353 0.1833 0.9473 0.1259 0.8143 0.5435 0.0566 0.7748 0.9503 0.1379 0.9335 0.3120
45 45
18.5130
0.4049 0.1014 0.9951 0.8835 0.8811 0.5200 0.2777 0.5185 0.4019 0.6835 0.2878 0.1327 0.5509 0.8666 0.4572 0.2620 0.7233 0.3993 0.6576 0.5376 0.0570 0.5140 0.8953 0.6854 0.9178 0.9592 0.3536 0.3140 0.1880 0.3628 0.4028 0.6979 0.4911 0.1430 0.1421 0.1728 0.8828 0.8364 0.8517 0.4442 0.3622 0.0585 0.2343 0.4186 0.4496
1 1
0.3333
0.0000
50 50
1.0000
0.0000 0.0000 0.0000 0.0000 0.0000 0.0000 0.0000 0.0000 0.0000 0.0000 0.0000 0.0000 0.0000 0.0000 0.0000 0.0000 0.0000 0.0000 0.0000 0.0000 0.0000 0.0000 0.0000 0.0000 0.0000 0.0000 0.0000 0.0000 0.0000 0.0000 0.0000 0.0000 0.0000 0.0000 0.0000 0.0000 0.0000 0.0000 0.0000 0.0000 0.0000 0.0000 0.0000 0.0000 0.0000 0.0000 0.0000 0.0000 0.0000 0.0000
48 48
16.0067
0.7272 0.9430 0.6419 0.2067 0.2264 0.1350 0.5526 0.2795 0.6086 0.6064 0.6923 0.1423 0.9417 0.9027 0.2086 0.6284 0.0681 0.8901 0.4588 0.9592 0.7861 0.0139 0.1870 0.3499 0.3470 0.6252 0.6513 0.4922 0.7077 0.7586 0.5163 0.3586 0.6556 0.4362 0.7493 0.0087 0.7676 0.7008 0.4738 0.2009 0.9108 0.6865 0.8185 0.7489 0.8881 0.2534 0.5359 0.4433
50 50
0.0000
0.8765 0.8765 0.8765 0.8765 0.8765 0.8765 0.8765 0.8765 0.8765 0.8765 0.8765 0.8765 0.8765 0.8765 0.8765 0.8765 0.8765 0.8765 0.8765 0.8765 0.8765 0.8765 0.8765 0.8765 0.8765 0.8765 0.8765 0.8765 0.8765 0.8765 0.8765 0.8765 0.8765 0.8765 0.8765 0.8765 0.8765 0.8765 0.8765 0.8765 0.8765 0.8765 0.8765 0.8765 0.8765 0.8765 0.8765 0.8765 0.8765 0.8765
48 48
19.4167
0.2244 0.7859 0.9842 0.5941 0.0397 0.4403 0.6061 0.0247 0.8990 0.2618 0.9555 0.7451 0.2542 0.8828 0.3803 0.9722 0.8325 0.5949 0.7053 0.9962 0.9824 0.3160 0.3502 0.3793 0.1809 0.1263 0.6545 0.4066 0.2502 0.4711 0.2559 0.7279 0.8334 0.0388 0.3114 0.8770 0.8364 0.3943 0.4436 0.4968 0.1887 0.2636 0.9821 0.0603 0.4302 0.7760 0.7638 0.0002
47 47
21.2789
0.7713 0.0608 0.0885 0.6580 0.5098 0.7981 0.7082 0.0864 0.1195 0.1304 0.6912 0.4892 0.3354 0.9361 0.6167 0.9728 0.7467 0.3282 0.2738 0.8285 0.5776 0.9666 0.3467 0.2650 0.3944 0.1674 0.8859 0.1450 0.2197 0.2918 0.7166 0.6878 0.3483 0.0301 0.9665 0.7020 0.5497 0.3690 0.3194 0.3206 0.5443 0.8845 0.5253 0.9851 0.6254 0.2042 0.2047
48 48
21.1604
0.5099 0.5484 0.8032 0.2050 0.5117 0.5631 0.4358 0.0624 0.6811 0.0017 0.1464 0.2922 0.5489 0.6256 0.2316 0.0902 0.6906 0.5430 0.8475 0.2051 0.7047 0.5805 0.0840 0.9653 0.6163 0.8574 0.6710 0.5668 0.0687 0.3855 0.5950 0.2547 0.8557 0.9688 0.2059 0.5588 0.2715 0.1514 0.7015 0.5719 0.0199 0.7693 0.3419 0.6414 0.7145 0.7649 0.0145 0.2792
45 45
17.5774
0.7083 0.5779 0.7516 0.8656 0.7347 0.9119 0.5729 0.5367 0.5170 0.8499 0.9699 0.5898 0.3744 0.9474 0.5429 0.3079 0.0655 0.1114 0.9956 0.4946 0.1068 0.0250 0.3476 0.9759 0.2779 0.3741 0.9724 0.7246 0.6197 0.4718 0.2478 0.4212 0.9100 0.5551 0.7871 0.8048 0.5488 0.6680 0.4778 0.5188 0.5315 0.4462 0.7973 0.7222 0.6479
45 45
19.4555
0.8335 0.1457 0.2307 0.1153 0.0073 0.6893 0.3630 0.8548 0.2385 0.6776 0.4916 0.1931 0.7634 0.1197 0.6285 0.2832 0.7073 0.6679 0.6781 0.4920 0.8178 0.3146 0.2809 0.6979 0.5103 0.2137 0.3108 0.9742 0.5476 0.0019 0.3082 0.8263 0.6859 0.0180 0.3669 0.8788 0.1042 0.6903 0.0055 0.8162 0.0109 0.1252 0.1629 0.2519 0.7477
50 50
33.3350
0.3333 0.3333 0.3333 0.3333 0.3333 0.3333 0.3333 0.3333 0.3333 0.3333 0.3333 0.3333 0.3333 0.3333 0.3333 0.3333 0.3333 0.3333 0.3333 0.3333 0.3333 0.3333 0.3333 0.3333 0.3333 0.3333 0.3333 0.3333 0.3333 0.3333 0.3333 0.3333 0.3333 0.3333 0.3333 0.3333 0.3333 0.3333 0.3333 0.3333 0.3333 0.3333 0.3333 0.3333 0.3333 0.3333 0.3333 0.3333 0.3333 0.3333
49 49
21.0211
0.2634 0.1031 0.3430 0.2212 0.1008 0.6547 0.4462 0.6803 0.9058 0.1857 0.7874 0.6605 0.4584 0.7557 0.3217 0.8974 0.6076 0.3051 0.8338 0.5393 0.6758 0.1851 0.0859 0.4650 0.1345 0.7563 0.8295 0.4454 0.2675 0.1314 0.9145 0.3166 0.5827 0.3406 0.0814 0.1162 0.7781 0.2707 0.2202 0.2654 0.5922 0.5924 0.0020 0.1481 0.4656 0.0415 0.9993 0.2757 0.6146
46 46
19.1030
0.1323 0.4766 0.8283 0.3407 0.8316 0.2438 0.1549 0.0615 0.7680 0.2653 0.7793 0.4520 0.8694 0.6434 0.8454 0.2575 0.0486 0.8177 0.9092 0.5525 0.1112 0.5698 0.7877 0.6190 0.1967 0.8265 0.3878 0.4867 0.9676 0.4239 0.3568 0.6271 0.7472 0.8394 0.9428 0.3284 0.3117 0.2245 0.0764 0.4299 0.4974 0.2478 0.2545 0.3763 0.9844 0.8354
49 49
19.8754
0.3750 0.4461 0.9558 0.9484 0.3881 0.8088 0.2351 0.4503 0.0755 0.2944 0.1136 0.2402 0.9700 0.6293 0.9331 0.9420 0.6933 0.1564 0.7993 0.3622 0.9989 0.6710 0.6815 0.0737 0.5574 0.7268 0.7148 0.3124 0.2553 0.9058 0.9563 0.2064 0.5808 0.8801 0.8443 0.3363 0.7431 0.2048 0.6775 0.6490 0.9582 0.1415 0.3482 0.9922 0.7504 0.5948 0.4150 0.2683 0.9912
47 47
20.3559
0.7021 0.8763 0.1359 0.9348 0.2214 0.3481 0.9863 0.3355 0.8426 0.5236 0.2507 0.1536 0.8930 0.1904 0.5506 0.0887 0.4343 0.6782 0.4605 0.3470 0.1417 0.7934 0.0709 0.4064 0.6332 0.4580 0.3202 0.8028 0.3479 0.3221 0.2440 0.2331 0.6124 0.5005 0.6602 0.5856 0.8819 0.6595 0.5676 0.8484 0.9963 0.4140 0.9130 0.4245 0.9813 0.1148 0.3192
49 49
17.8327
0.1523 0.7852 0.9698 0.9310 0.7826 0.8122 0.1424 0.9198 0.4254 0.0362 0.1020 0.0624 0.0772 0.7526 0.9326 0.8134 0.5220 0.0561 0.4821 0.1521 0.5430 0.1209 0.8356 0.9393 0.5861 0.4526 0.7097 0.7212 0.9358 0.2511 0.9813 0.5899 0.4293 0.9811 0.0862 0.1019 0.0127 0.4949 0.3103 0.4835 0.3314 0.2718 0.5553 0.7788 0.7227 0.9025 0.2526 0.5620 0.5031
45 45
16.8931
0.7100 0.5103 0.6238 0.6016 0.7900 0.7879 0.5806 0.0659 0.2399 0.4478 0.1867 0.5803 0.9569 0.3473 0.4267 0.3115 0.1400 0.8756 0.5371 0.1117 0.9827 0.4595 0.6783 0.3247 0.2371 0.6580 0.8189 0.4914 0.5177 0.1022 0.1452 0.9877 0.2180 0.2064 0.1108 0.8164 0.7513 0.6081 0.6129 0.4653 0.0284 0.9648 0.8609 0.3022 0.0917
47 47
22.2374
0.3434 0.0098 0.2658 0.0930 0.5226 0.5200 0.2676 0.7878 0.1021 0.5035 0.3547 0.7568 0.1086 0.2056 0.1312 0.2993 0.0470 0.9845 0.1236 0.5202 0.0716 0.9665 0.8018 0.9185 0.8533 0.6218 0.2279 0.7947 0.9577 0.5402 0.2099 0.4263 0.4546 0.8804 0.0096 0.0232 0.5142 0.6152 0.9357 0.9217 0.9475 0.2754 0.4251 0.0113 0.5470 0.7789 0.5040
49 49
20.1484
0.2238 0.7801 0.0934 0.7151 0.0931 0.4449 0.5063 0.2620 0.9712 0.8222 0.7584 0.4915 0.4667 0.0883 0.2161 0.0199 0.0442 0.5002 0.9385 0.4615 0.2453 0.9357 0.1942 0.6535 0.1894 0.9623 0.9183 0.2347 0.8535 0.4923 0.5131 0.0435 0.3289 0.9170 0.5366 0.7981 0.0771 0.5840 0.9236 0.9619 0.8262 0.8236 0.5968 0.9157 0.5037 0.0937 0.9734 0.8868 0.3725
46 46
16.7010
0.9450 0.4544 0.1309 0.2601 0.4046 0.7842 0.4618 0.7473 0.4984 0.3950 0.8713 0.7976 0.4085 0.0272 0.2533 0.0262 0.2715 0.7746 0.0643 0.3329 0.8961 0.8873 0.3916 0.3876 0.8603 0.1663 0.7911 0.0843 0.6355 0.8318 0.9346 0.7035 0.5043 0.5362 0.4358 0.0341 0.7365 0.3775 0.8758 0.2052 0.9063 0.7245 0.5186 0.4780 0.7457 0.7293
2 2
0.3333
0.5000 0.5000
50 50
21.3646
0.9456 0.4901 0.2635 0.7902 0.2768 0.5458 0.6944 0.6460 0.8623 0.1595 0.8365 0.8692 0.3876 0.3050 0.6952 0.5587 0.5609 0.6290 0.6124 0.8599 0.4987 0.5068 0.9061 0.0846 0.2407 0.8322 0.6524 0.0082 0.4322 0.5398 0.9464 0.2019 0.5930 0.9538 0.8212 0.3201 0.9936 0.8688 0.4277 0.8304 0.8225 0.3280 0.8976 0.4022 0.9644 0.6788 0.4140 0.0311 0.0480 0.2024
46 46
22.5427
0.4583 0.0372 0.9633 0.9074 0.0626 0.1077 0.7060 0.3820 0.2062 0.9510 0.3161 0.8367 0.0941 0.5084 0.2792 0.1939 0.4450 0.6177 0.0930 0.9639 0.4823 0.3734 0.2095 0.5424 0.3003 0.4779 0.9380 0.3572 0.9995 0.3718 0.3762 0.3325 0.9079 0.3373 0.4695 0.0958 0.1574 0.9001 0.4220 0.3136 0.3205 0.9068 0.3377 0.1413 0.1658 0.8864
47 47
15.1556
0.7590 0.1760 0.9850 0.9760 0.3055 0.3172 0.2760 0.5366 0.0683 0.6514 0.6049 0.7949 0.8312 0.5347 0.4578 0.7476 0.5182 0.9162 0.1972 0.8915 0.4102 0.9469 0.7137 0.1014 0.4571 0.8319 0.3242 0.3194 0.5398 0.0459 0.2811 0.3806 0.8520 0.5076 0.7843 0.4252 0.8428 0.0071 0.9500 0.2030 0.6740 0.6113 0.4077 0.4257 0.0500 0.5936 0.8085
49 49
20.9487
0.3551 0.7595 0.4272 0.0590 0.0689 0.0560 0.3581 0.6934 0.4060 0.6535 0.3251 0.1297 0.2977 0.4965 0.0874 0.9933 0.3553 0.2915 0.3475 0.7068 0.5405 0.9375 0.7333 0.9716 0.6720 0.7575 0.4860 0.1114 0.3686 0.1973 0.7638 0.2251 0.9827 0.6668 0.6909 0.3357 0.8206 0.1209 0.4578 0.8291 0.7189 0.9172 0.6261 0.0622 0.1784 0.3960 0.0310 0.8204 0.4639
1 1
0.5000
0.5000
4 4
0.0001
0.0000 0.0000 0.0000 0.0000
48 48
18.8906
0.1351 0.1005 0.6106 0.9181 0.1519 0.7162 0.0700 0.3435 0.2472 0.3916 0.4745 0.0592 0.7615 0.6438 0.3747 0.6180 0.9315 0.6639 0.4772 0.8397 0.1702 0.2163 0.5284 0.7506 0.4480 0.7124 0.7768 0.2319 0.4860 0.1608 0.8578 0.0028 0.3346 0.7076 0.3597 0.9966 0.9040 0.4961 0.8523 0.2688 0.0979 0.9126 0.7644 0.0991 0.5209 0.7601 0.9825 0.2487
47 47
0.5837
0.6586 0.6048 0.8177 0.1457 0.5373 0.8867 0.3793 0.5026 0.4499 0.5603 0.7167 0.6696 0.9137 0.0343 0.0304 0.2916 0.5646 0.2756 0.6131 0.7741 0.6248 0.7619 0.8283 0.7335 0.4740 0.3682 0.8003 0.4096 0.3602 0.7012 0.7999 0.1291 0.9160 0.9918 0.8207 0.7970 0.4186 0.8738 0.3154 0.5956 0.3950 0.8463 0.2976 0.1213 0.0082 0.5064 0.2637
49 49
2.2603
0.7064 0.7481 0.5352 0.6857 0.6873 0.7694 0.4266 0.0852 0.2869 0.5509 0.8561 0.1160 0.7932 0.8378 0.5095 0.5337 0.3850 0.9229 0.1329 0.3106 0.8691 0.6047 0.8491 0.2368 0.2831 0.0706 0.7961 0.5154 0.4795 0.7001 0.4606 0.6125 0.5165 0.1762 0.7444 0.2062 0.3545 0.1679 0.2235 0.6942 0.4581 0.7213 0.8354 0.0739 0.2017 0.7809 0.4379 0.4856 0.5347
48 48
14.6317
0.8617 0.5614 0.9211 0.7174 0.8635 0.8599 0.4063 0.8336 0.6529 0.8281 0.1367 0.7578 0.2703 0.6935 0.2446 0.6907 0.7014 0.2640 0.5370 0.9677 0.5448 0.3278 0.4179 0.3382 0.3660 0.8660 0.6855 0.9009 0.4122 0.1103 0.4008 0.3790 0.7537 0.7356 0.4247 0.1985 0.7525 0.5657 0.8731 0.7550 0.5550 0.7704 0.1941 0.4703 0.9589 0.3500 0.8568 0.8500
50 50
0.0050
0.9999 0.9999 0.9999 0.9999 0.9999 0.9999 0.9999 0.9999 0.9999 0.9999 0.9999 0.9999 0.9999 0.9999 0.9999 0.9999 0.9999 0.9999 0.9999 0.9999 0.9999 0.9999 0.9999 0.9999 0.9999 0.9999 0.9999 0.9999 0.9999 0.9999 0.9999 0.9999 0.9999 0.9999 0.9999 0.9999 0.9999 0.9999 0.9999 0.9999 0.9999 0.9999 0.9999 0.9999 0.9999 0.9999 0.9999 0.9999 0.9999 0.9999
46 46
16.4752
0.6757 0.2046 0.1698 0.0466 0.0730 0.3514 0.8377 0.5657 0.7466 0.1386 0.4896 0.0092 0.9532 0.6221 0.5199 0.4902 0.3160 0.7545 0.0173 0.8011 0.8644 0.2619 0.6812 0.7453 0.1521 0.8860 0.9704 0.4516 0.1488 0.2026 0.2997 0.1570 0.7545 0.2523 0.2727 0.8716 0.9218 0.1131 0.5370 0.3939 0.6440 0.4311 0.3808 0.8746 0.5508 0.9498
48 48
21.0840
0.2749 0.1655 0.5811 0.9822 0.7838 0.9481 0.4658 0.0478 0.4627 0.2442 0.2172 0.2548 0.4602 0.8453 0.0483 0.1000 0.1330 0.1106 0.9874 0.5153 0.2396 0.6346 0.9154 0.7352 0.8625 0.5028 0.3067 0.8531 0.8457 0.4133 0.3184 0.8350 0.4166 0.0839 0.3521 0.2732 0.5246 0.4312 0.1081 0.1208 0.1265 0.5923 0.2689 0.0083 0.9000 0.1492 0.1198 0.2751
50 50
19.6477
0.7225 0.0919 0.6138 0.6219 0.9435 0.4897 0.4055 0.6197 0.2611 0.8943 0.5422 0.8849 0.4369 0.8383 0.1944 0.2560 0.1526 0.3703 0.7290 0.4163 0.6307 0.1827 0.7557 0.2975 0.3846 0.9352 0.7756 0.7184 0.5177 0.3263 0.0454 0.1633 0.0357 0.8414 0.3177 0.8441 0.5836 0.4439 0.0270 0.3425 0.3144 0.5814 0.4854 0.7311 0.7829 0.5147 0.8396 0.4823 0.5414 0.6703
48 48
20.0512
0.3034 0.0293 0.5666 0.6166 0.8653 0.8259 0.5138 0.5618 0.7112 0.8039 0.0415 0.7220 0.0511 0.4271 0.5572 0.3320 0.8434 0.9147 0.1512 0.7445 0.3602 0.4531 0.3296 0.6385 0.2013 0.0657 0.1826 0.5955 0.5725 0.5855 0.3989 0.4587 0.2550 0.7693 0.6341 0.4939 0.2052 0.4918 0.7015 0.2962 0.8432 0.0494 0.4652 0.6708 0.7044 0.3401 0.9692 0.7786
1 1
0.3333
0.5000
48 48
19.6261
0.7821 0.3579 0.0778 0.9703 0.8925 0.4488 0.1225 0.8695 0.1807 0.1538 0.2598 0.3699 0.4860 0.2749 0.2865 0.4374 0.5095 0.6916 0.0164 0.8166 0.4136 0.4609 0.8130 0.3184 0.9874 0.5911 0.5816 0.9181 0.0790 0.4716 0.2065 0.3401 0.8864 0.5809 0.9407 0.5705 0.7200 0.3023 0.2625 0.1426 0.2736 0.2405 0.8827 0.6078 0.2752 0.3337 0.1279 0.8911
47 47
19.7044
0.6066 0.6139 0.9430 0.9736 0.1025 0.1226 0.4495 0.1495 0.6291 0.0681 0.5013 0.4483 0.3787 0.1978 0.8430 0.1742 0.9941 0.4594 0.9128 0.8418 0.8597 0.0349 0.4389 0.3596 0.4619 0.2074 0.2601 0.8750 0.4270 0.4029 0.7260 0.4332 0.4877 0.4928 0.3445 0.3331 0.7927 0.5653 0.5332 0.1571 0.5281 0.2937 0.4595 0.1288 0.0062 0.9607 0.9368
46 46
20.2739
0.0493 0.7035 0.5162 0.5483 0.2110 0.0956 0.0486 0.6235 0.1242 0.8019 0.6624 0.7482 0.2967 0.1686 0.6641 0.6648 0.7736 0.0398 0.5754 0.6005 0.8753 0.1710 0.9517 0.5138 0.7099 0.3508 0.6860 0.8459 0.3410 0.1548 0.6873 0.4604 0.1031 0.4119 0.2064 0.5049 0.4668 0.5268 0.9083 0.9887 0.1500 0.3610 0.4584 0.8449 0.4595 0.1837
47 47
17.9817
0.1435 0.8996 0.2625 0.5490 0.8203 0.7771 0.9383 0.0709 0.1296 0.7738 0.1543 0.3228 0.4609 0.3975 0.3995 0.6051 0.4070 0.3822 0.8018 0.9692 0.3915 0.2168 0.6052 0.6306 0.0009 0.5102 0.6836 0.2446 0.2113 0.9137 0.1421 0.0665 0.0104 0.5972 0.3024 0.8737 0.6475 0.0725 0.1336 0.0095 0.6968 0.7909 0.4067 0.8820 0.9846 0.5423 0.6327
50 50
1.0000
0.3333 0.3333 0.3333 0.3333 0.3333 0.3333 0.3333 0.3333 0.3333 0.3333 0.3333 0.3333 0.3333 0.3333 0.3333 0.3333 0.3333 0.3333 0.3333 0.3333 0.3333 0.3333 0.3333 0.3333 0.3333 0.3333 0.3333 0.3333 0.3333 0.3333 0.3333 0.3333 0.3333 0.3333 0.3333 0.3333 0.3333 0.3333 0.3333 0.3333 0.3333 0.3333 0.3333 0.3333 0.3333 0.3333 0.3333 0.3333 0.3333 0.3333
50 50
23.4694
0.0565 0.4323 0.0964 0.2600 0.7550 0.7445 0.8516 0.9307 0.3673 0.0661 0.5354 0.3899 0.1814 0.1341 0.5012 0.1894 0.3857 0.2283 0.9887 0.2034 0.6851 0.1738 0.2381 0.4616 0.5278 0.6543 0.8613 0.7399 0.2853 0.2972 0.7068 0.0478 0.0745 0.2501 0.4940 0.2691 0.9577 0.0210 0.9772 0.7033 0.7781 0.7523 0.5940 0.4648 0.3415 0.1206 0.4895 0.4251 0.4747 0.4747
50 50
21.6898
0.6657 0.3035 0.9246 0.3512 0.3107 0.8535 0.2007 0.9014 0.3242 0.7894 0.2194 0.3751 0.1735 0.9395 0.9595 0.1167 0.2346 0.6532 0.2856 0.6741 0.0733 0.6147 0.2393 0.1262 0.7133 0.0849 0.1640 0.0938 0.3750 0.2188 0.0952 0.4973 0.6344 0.6090 0.0859 0.5100 0.2792 0.9469 0.8743 0.6847 0.8062 0.2700 0.7308 0.1316 0.4422 0.3227 0.0776 0.0542 0.4774 0.6123
46 46
19.5522
0.6051 0.0148 0.0333 0.3180 0.6698 0.9258 0.3642 0.9391 0.8005 0.0385 0.5051 0.0848 0.9949 0.8519 0.0354 0.8711 0.7472 0.4933 0.5575 0.7055 0.6824 0.1429 0.7560 0.6279 0.0128 0.1714 0.9051 0.9673 0.0038 0.8170 0.1332 0.0041 0.4202 0.7157 0.2359 0.3931 0.5840 0.3394 0.9673 0.8369 0.0769 0.1928 0.9254 0.5297 0.0615 0.8333
48 48
22.8250
0.0453 0.7090 0.0355 0.1155 0.0414 0.7052 0.3401 0.4437 0.4808 0.1788 0.3030 0.2354 0.7266 0.7371 0.7721 0.6132 0.9856 0.7653 0.4099 0.8591 0.6816 0.3809 0.0559 0.3307 0.7105 0.5323 0.6334 0.1050 0.7659 0.1423 0.8444 0.3954 0.2390 0.4451 0.3961 0.8718 0.5540 0.0448 0.5871 0.3435 0.1522 0.0574 0.1074 0.9819 0.2015 0.5136 0.4869 0.6057
50 50
0.0000
0.0000 0.0000 0.0000 0.0000 0.0000 0.0000 0.0000 0.0000 0.0000 0.0000 0.0000 0.0000 0.0000 0.0000 0.0000 0.0000 0.0000 0.0000 0.0000 0.0000 0.0000 0.0000 0.0000 0.0000 0.0000 0.0000 0.0000 0.0000 0.0000 0.0000 0.0000 0.0000 0.0000 0.0000 0.0000 0.0000 0.0000 0.0000 0.0000 0.0000 0.0000 0.0000 0.0000 0.0000 0.0000 0.0000 0.0000 0.0000 0.0000 0.0000
2 2
0.0000
1.0000 1.0000
45 45
15.3647
0.2260 0.1407 0.5797 0.9011 0.3785 0.6237 0.8133 0.9615 0.1004 0.3052 0.9552 0.7334 0.9385 0.9503 0.2154 0.9179 0.6587 0.5842 0.4574 0.6921 0.9151 0.6686 0.5993 0.0867 0.7835 0.8849 0.0071 0.6115 0.9606 0.0194 0.6208 0.7463 0.2214 0.6256 0.8772 0.3470 0.2963 0.3688 0.2172 0.3134 0.0610 0.4749 0.5227 0.2868 0.9135
50 50
18.0405
0.0027 0.2970 0.1923 0.3235 0.6431 0.7694 0.3386 0.6104 0.8228 0.5453 0.6897 0.6434 0.2507 0.9527 0.9203 0.6578 0.5566 0.0257 0.9518 0.9251 0.4604 0.1446 0.1183 0.4828 0.4416 0.2432 0.8974 0.4320 0.4762 0.3369 0.0221 0.0017 0.9153 0.8583 0.3645 0.5636 0.0750 0.5298 0.2029 0.3207 0.7604 0.3381 0.0384 0.1864 0.7899 0.9771 0.5891 0.2387 0.8680 0.6810
46 46
16.0889
0.5416 0.2523 0.9678 0.1459 0.5998 0.1691 0.1883 0.5178 0.9562 0.8289 0.3659 0.4766 0.7000 0.9359 0.4288 0.0424 0.4419 0.2472 0.5608 0.8656 0.8276 0.8992 0.2874 0.8186 0.2366 0.9033 0.1321 0.3568 0.9136 0.2489 0.3393 0.8554 0.6223 0.2778 0.4112 0.6721 0.9992 0.5949 0.2053 0.8482 0.5292 0.5256 0.2104 0.4671 0.5533 0.2542
47 47
18.9824
0.2071 0.5133 0.5797 0.7402 0.3525 0.9450 0.0899 0.5526 0.5354 0.1070 0.5382 0.3791 0.0567 0.8219 0.6287 0.7257 0.4853 0.0792 0.3827 0.6959 0.0557 0.0682 0.6166 0.6639 0.8336 0.1256 0.8125 0.4673 0.6890 0.6475 0.4886 0.2704 0.3974 0.7277 0.5946 0.4624 0.6534 0.9155 0.1360 0.0799 0.2386 0.1880 0.3245 0.2564 0.0361 0.9310 0.6254
