100
4 4
1.4000
0.5000 0.7000 0.8000 0.6000
2 2
1.0000
0.0000 0.0000
2 2
0.0000
0.9000 0.8000
2 2
0.1000
0.4000 0.5000
48 48
13.9585
0.5627 0.9161 0.0692 0.0808 0.8162 0.9582 0.3035 0.8970 0.0955 0.6441 0.8897 0.8581 0.4555 0.6392 0.2058 0.8101 0.7589 0.3816 0.9845 0.8429 0.7288 0.8646 0.3352 0.7920 0.7815 0.6036 0.7864 0.5806 0.4568 0.7506 0.4166 0.6272 0.1217 0.8669 0.7706 0.5950 0.6806 0.7813 0.8619 0.4212 0.3246 0.3930 0.4402 0.2019 0.0166 0.4218 0.9607 0.3069
48 48
21.4451
0.2660 0.8157 0.9258 0.5427 0.3894 0.8804 0.8192 0.7672 0.0687 0.5947 0.3078 0.7517 0.5544 0.5111 0.4896 0.0257 0.0519 0.4579 0.5030 0.7505 0.0593 0.4388 0.6624 0.7523 0.3115 0.2032 0.5850 0.6586 0.5029 0.4625 0.7525 0.8908 0.0475 0.1092 0.4872 0.3426 0.0672 0.8005 0.9166 0.0461 0.0312 0.6126 0.3630 0.3320 0.6060 0.4103 0.5485 0.6489
48 48
17.6394
0.2068 0.2869 0.0200 0.7604 0.6555 0.3903 0.6956 0.3022 0.3282 0.0865 0.2077 0.6245 0.3216 0.8817 0.3262 0.4750 0.7851 0.4021 0.0522 0.8653 0.9323 0.2145 0.2278 0.2285 0.1985 0.5148 0.8667 0.7036 0.9123 0.6613 0.5029 0.2457 0.6619 0.9296 0.6071 0.0484 0.6166 0.4127 0.8037 0.2890 0.7255 0.4058 0.2207 0.1214 0.6354 0.6196 0.9222 0.0049
46 46
18.1222
0.8109 0.1599 0.0039 0.2327 0.5260 0.0523 0.7038 0.6329 0.0779 0.2339 0.2674 0.0067 0.3126 0.7150 0.6765 0.3814 0.1266 0.7583 0.6832 0.5522 0.4107 0.7168 0.4547 0.2635 0.4046 0.5349 0.4095 0.0672 0.5481 0.2295 0.2032 0.7761 0.0503 0.9185 0.6350 0.9958 0.6910 0.0010 0.4578 0.4666 0.6091 0.8380 0.0586 0.3416 0.9527 0.7792
47 47
18.5156
0.9689 0.5087 0.6803 0.9412 0.5155 0.9599 0.9391 0.1261 0.1573 0.2556 0.7852 0.8150 0.5761 0.2022 0.4137 0.0082 0.2110 0.1114 0.3944 0.6457 0.4388 0.7748 0.2348 0.3259 0.8891 0.2263 0.0112 0.9624 0.3421 0.7530 0.6545 0.7580 0.6686 0.0644 0.3978 0.7010 0.6498 0.7830 0.0930 0.5325 0.8080 0.4779 0.6422 0.8345 0.8575 0.8768 0.0399
47 47
21.9973
0.4947 0.8477 0.1164 0.7969 0.0678 0.3756 0.2384 0.7392 0.0100 0.9060 0.9619 0.6425 0.5376 0.3378 0.2829 0.2074 0.7941 0.0176 0.2758 0.0861 0.9073 0.8462 0.9869 0.4734 0.4129 0.6072 0.4305 0.3436 0.0002 0.4186 0.5599 0.7356 0.3962 0.9724 0.5419 0.3239 0.8443 0.9903 0.8178 0.2145 0.5098 0.5834 0.0769 0.8067 0.5008 0.9505 0.4956
47 47
22.5369
0.1988 0.5768 0.0173 0.1181 0.0227 0.2152 0.9858 0.5766 0.2504 0.3965 0.8060 0.2468 0.9539 0.7102 0.2784 0.5845 0.5887 0.7633 0.5662 0.0056 0.3982 0.6350 0.9029 0.6447 0.5822 0.9253 0.2923 0.1905 0.0808 0.3049 0.2114 0.9803 0.8292 0.0280 0.3090 0.6279 0.8097 0.0978 0.7861 0.1142 0.7084 0.8609 0.4797 0.4530 0.9312 0.3046 0.6022
50 50
21.8799
0.7770 0.1521 0.8813 0.5388 0.3984 0.7988 0.7255 0.3663 0.9995 0.9487 0.4920 0.0212 0.7781 0.8127 0.4677 0.4707 0.2413 0.9338 0.1657 0.3339 0.9302 0.6593 0.2575 0.9786 0.3112 0.9361 0.4141 0.0592 0.7230 0.8331 0.1991 0.7423 0.0695 0.4806 0.4574 0.5119 0.7876 0.2598 0.5320 0.0777 0.5505 0.7149 0.3891 0.3057 0.2989 0.3652 0.9529 0.3294 0.0729 0.9492
45 45
3.5904
0.4654 0.3655 0.4465 0.7398 0.3085 0.9111 0.3028 0.4031 0.1824 0.3448 0.4581 0.8465 0.3880 0.1847 0.4820 0.6697 0.7976 0.3252 0.6942 0.5679 0.3892 0.2692 0.8075 0.4520 0.8945 0.5776 0.2361 0.9563 0.7715 0.7122 0.3324 0.3308 0.8268 0.1272 0.1036 0.5221 0.1720 0.3233 0.1018 0.7248 0.2414 0.5127 0.4244 0.4972 0.4568
49 49
17.8571
0.7112 0.2022 0.1380 0.0359 0.1273 0.4056 0.0845 0.8572 0.3733 0.1142 0.9437 0.8257 0.7516 0.7327 0.2991 0.9531 0.5362 0.0212 0.2671 0.8777 0.2180 0.7195 0.4144 0.2311 0.7047 0.6710 0.3905 0.2552 0.5115 0.7458 0.0402 0.3931 0.5953 0.5187 0.5930 0.6447 0.2062 0.5912 0.3397 0.7836 0.5576 0.5402 0.9471 0.6919 0.3034 0.3169 0.4079 0.8659 0.8989
50 50
17.8624
0.1446 0.6527 0.5968 0.5785 0.4540 0.8300 0.9952 0.9710 0.4123 0.3460 0.1953 0.5604 0.3395 0.5662 0.1647 0.8278 0.5165 0.6612 0.3252 0.5919 0.4761 0.6961 0.6813 0.6133 0.5677 0.7746 0.7718 0.5171 0.0595 0.0484 0.1469 0.1425 0.6894 0.4764 0.4677 0.3929 0.6734 0.0357 0.8259 0.9922 0.2130 0.4552 0.9974 0.2703 0.5556 0.1074 0.4741 0.7906 0.0077 0.0359
48 48
16.2034
0.2000 0.4942 0.6354 0.1752 0.6002 0.7604 0.3928 0.0697 0.7723 0.7493 0.4434 0.2111 0.6908 0.8118 0.2730 0.3508 0.7579 0.9262 0.9887 0.6365 0.8539 0.1738 0.6428 0.7221 0.3534 0.1420 0.7891 0.0332 0.2424 0.8498 0.6177 0.4389 0.6390 0.7209 0.4131 0.6402 0.5480 0.0508 0.0922 0.1558 0.6822 0.7729 0.6093 0.3718 0.9084 0.2410 0.4829 0.6360
46 46
14.1201
0.2653 0.3493 0.3488 0.4250 0.6178 0.5096 0.2369 0.7219 0.9531 0.5919 0.1521 0.9642 0.9495 0.0876 0.2410 0.7052 0.6278 0.6431 0.2703 0.3800 0.7275 0.4074 0.5253 0.5264 0.0671 0.2195 0.7997 0.6371 0.1736 0.9517 0.2278 0.8544 0.8729 0.9204 0.9457 0.6261 0.5536 0.6277 0.9215 0.9414 0.5725 0.8908 0.0911 0.5724 0.9029 0.0060
49 49
18.1977
0.3399 0.9865 0.4190 0.4581 0.3047 0.9380 0.4497 0.0378 0.4739 0.1698 0.0527 0.4124 0.2729 0.5138 0.1453 0.7438 0.8196 0.9585 0.4491 0.7358 0.3953 0.1404 0.5216 0.0205 0.3059 0.2842 0.9921 0.5692 0.9523 0.6791 0.2656 0.6976 0.0933 0.0398 0.2982 0.4561 0.7596 0.5304 0.8194 0.9548 0.6490 0.2438 0.8710 0.4739 0.0615 0.5791 0.7614 0.7105 0.8233
48 48
17.6998
0.3395 0.4397 0.6137 0.0560 0.1876 0.4054 0.5361 0.0214 0.0260 0.3213 0.6199 0.9867 0.2169 0.3646 0.0935 0.2910 0.7267 0.5328 0.4011 0.6003 0.6821 0.1851 0.5819 0.9292 0.9313 0.8937 0.6760 0.4565 0.9685 0.2014 0.7671 0.0424 0.2242 0.3061 0.8065 0.2178 0.4038 0.3576 0.1079 0.4597 0.9109 0.1522 0.2560 0.5823 0.6180 0.0585 0.0665 0.8832
50 50
21.5657
0.7994 0.7698 0.0623 0.2304 0.5530 0.5679 0.0970 0.1086 0.4978 0.9929 0.5102 0.3114 0.1496 0.1628 0.8374 0.2964 0.9045 0.5686 0.5700 0.2824 0.3683 0.5770 0.1201 0.9662 0.7399 0.4288 0.1487 0.0302 0.1711 0.3267 0.8124 0.6205 0.4195 0.2465 0.2087 0.4574 0.5297 0.7209 0.0420 0.0273 0.7173 0.5986 0.4682 0.7658 0.8991 0.7921 0.1296 0.9117 0.6507 0.4502
50 50
21.7974
0.3584 0.1828 0.2271 0.3407 0.7826 0.1494 0.4061 0.0567 0.8736 0.8928 0.6276 0.1445 0.0896 0.5848 0.9383 0.6427 0.1345 0.3366 0.5868 0.1122 0.5541 0.7515 0.5742 0.0070 0.0917 0.0115 0.5008 0.6119 0.2695 0.6473 0.1560 0.0839 0.3353 0.8599 0.5078 0.3163 0.3546 0.7347 0.4242 0.3556 0.3671 0.8244 0.4869 0.4993 0.3202 0.9343 0.1334 0.4939 0.5757 0.0069
50 50
17.7552
0.1471 0.3028 0.0260 0.3899 0.5456 0.7901 0.7188 0.3559 0.2149 0.6646 0.4661 0.2161 0.4133 0.3848 0.8736 0.2725 0.9135 0.8015 0.0613 0.7511 0.2566 0.5291 0.5672 0.9362 0.5379 0.8528 0.5076 0.8476 0.1510 0.4002 0.2206 0.3947 0.4479 0.8557 0.2374 0.4161 0.6399 0.6983 0.7209 0.4655 0.8870 0.4915 0.7174 0.6495 0.2869 0.1799 0.2249 0.2116 0.1073 0.1783
49 49
16.6266
0.2337 0.4955 0.7695 0.4399 0.9227 0.4851 0.8998 0.3974 0.1766 0.9250 0.9471 0.9476 0.6577 0.5958 0.5582 0.4049 0.0009 0.8113 0.4161 0.5845 0.0996 0.7478 0.5186 0.6159 0.9028 0.6410 0.6942 0.0678 0.8473 0.9358 0.8428 0.9279 0.5573 0.8271 0.0254 0.3165 0.6312 0.0784 0.1827 0.4848 0.4222 0.0145 0.0227 0.1796 0.5878 0.1208 0.3613 0.0350 0.6715
47 47
18.8023
0.1689 0.3608 0.3937 0.3999 0.5029 0.6288 0.7555 0.2475 0.8887 0.5708 0.3091 0.9262 0.1809 0.8960 0.8082 0.7321 0.6521 0.4248 0.2735 0.4787 0.2441 0.8662 0.6244 0.8734 0.8205 0.5407 0.4336 0.0016 0.0966 0.8321 0.3742 0.1254 0.5370 0.4486 0.6016 0.4921 0.3163 0.2424 0.7078 0.0711 0.7764 0.6866 0.3648 0.2903 0.5361 0.1719 0.1512
50 50
0.0000
0.9999 0.9999 0.9999 0.9999 0.9999 0.9999 0.9999 0.9999 0.9999 0.9999 0.9999 0.9999 0.9999 0.9999 0.9999 0.9999 0.9999 0.9999 0.9999 0.9999 0.9999 0.9999 0.9999 0.9999 0.9999 0.9999 0.9999 0.9999 0.9999 0.9999 0.9999 0.9999 0.9999 0.9999 0.9999 0.9999 0.9999 0.9999 0.9999 0.9999 0.9999 0.9999 0.9999 0.9999 0.9999 0.9999 0.9999 0.9999 0.9999 0.9999
1 1
0.3333
0.0000
50 50
0.0000
0.3333 0.3333 0.3333 0.3333 0.3333 0.3333 0.3333 0.3333 0.3333 0.3333 0.3333 0.3333 0.3333 0.3333 0.3333 0.3333 0.3333 0.3333 0.3333 0.3333 0.3333 0.3333 0.3333 0.3333 0.3333 0.3333 0.3333 0.3333 0.3333 0.3333 0.3333 0.3333 0.3333 0.3333 0.3333 0.3333 0.3333 0.3333 0.3333 0.3333 0.3333 0.3333 0.3333 0.3333 0.3333 0.3333 0.3333 0.3333 0.3333 0.3333
50 50
19.2604
0.4919 0.2605 0.3367 0.1785 0.0874 0.3062 0.3351 0.2611 0.2641 0.0234 0.6179 0.1560 0.8775 0.9227 0.7631 0.2190 0.9572 0.4866 0.5956 0.2380 0.2276 0.6362 0.8678 0.0595 0.1813 0.6381 0.6997 0.2922 0.7959 0.4031 0.1460 0.1798 0.8056 0.1391 0.0457 0.0473 0.0234 0.9787 0.3766 0.8684 0.1276 0.8001 0.1323 0.0447 0.2589 0.8425 0.4289 0.7942 0.9158 0.8456
47 47
21.7187
0.9055 0.2145 0.3724 0.9136 0.8892 0.3600 0.4954 0.3857 0.6848 0.6456 0.2813 0.1457 0.5873 0.9664 0.0385 0.7546 0.1356 0.7328 0.7420 0.8665 0.8027 0.9909 0.5130 0.6022 0.2825 0.0036 0.2662 0.7011 0.0681 0.0599 0.6791 0.2720 0.2263 0.2613 0.0043 0.5668 0.7000 0.6965 0.0234 0.4174 0.6124 0.7686 0.2764 0.1791 0.6301 0.8707 0.3132
47 47
15.9608
0.5511 0.7890 0.4193 0.6866 0.3053 0.8714 0.4773 0.8484 0.8069 0.3859 0.8358 0.6850 0.1981 0.7943 0.6642 0.3518 0.8936 0.1992 0.0615 0.8871 0.0057 0.6643 0.3387 0.4479 0.7107 0.3436 0.2450 0.1166 0.5966 0.6933 0.2451 0.2642 0.9712 0.2692 0.1109 0.4827 0.4582 0.3896 0.5183 0.3688 0.4712 0.1824 0.7621 0.3192 0.7173 0.3982 0.4830
47 47
17.6890
0.8139 0.9844 0.0787 0.3967 0.4665 0.2275 0.3038 0.6259 0.9680 0.4515 0.2274 0.5914 0.4186 0.7310 0.7760 0.0706 0.8946 0.5593 0.5965 0.0803 0.7011 0.0518 0.9298 0.0427 0.1792 0.1847 0.7337 0.3531 0.2875 0.8877 0.2651 0.8717 0.5290 0.3090 0.7949 0.4822 0.5341 0.1493 0.9597 0.6920 0.6201 0.9376 0.2459 0.7383 0.6427 0.7662 0.4395
49 49
15.8100
0.8706 0.9713 0.4684 0.7489 0.8348 0.3128 0.5619 0.6614 0.4408 0.9597 0.5871 0.5240 0.8387 0.8139 0.1607 0.2581 0.8106 0.9977 0.0034 0.7937 0.5342 0.3851 0.9934 0.3157 0.9809 0.2241 0.0960 0.4067 0.8677 0.4364 0.8473 0.4499 0.7556 0.5088 0.1264 0.3280 0.3289 0.9057 0.2025 0.9184 0.9785 0.2704 0.9449 0.2605 0.8201 0.6677 0.8629 0.7335 0.3630
48 48
18.7260
0.2026 0.5891 0.9737 0.1030 0.3333 0.6779 0.4306 0.0001 0.2416 0.8649 0.5806 0.9744 0.4762 0.7905 0.4578 0.0715 0.0622 0.5292 0.7331 0.1870 0.0644 0.6041 0.1687 0.4754 0.9319 0.5057 0.4294 0.3194 0.0980 0.7859 0.1735 0.7043 0.4105 0.7442 0.2785 0.9374 0.9968 0.6687 0.1403 0.5700 0.3332 0.0135 0.9987 0.7527 0.7125 0.9285 0.4881 0.9636
46 46
21.9354
0.7022 0.4922 0.1015 0.0512 0.8282 0.3282 0.2900 0.7591 0.5159 0.8802 0.1013 0.3403 0.0340 0.1308 0.2177 0.3861 0.1624 0.7469 0.2484 0.3410 0.6952 0.4334 0.4052 0.2737 0.7662 0.1055 0.1330 0.8668 0.4451 0.9141 0.1845 0.6106 0.0574 0.6722 0.6691 0.3822 0.7372 0.6857 0.6578 0.5302 0.9575 0.3619 0.3138 0.4877 0.0112 0.6490
50 50
21.5209
0.1800 0.5754 0.3493 0.6486 0.1070 0.2654 0.1622 0.3108 0.9847 0.2622 0.1753 0.2250 0.2460 0.8269 0.6784 0.6256 0.2524 0.0349 0.6352 0.8815 0.5954 0.3430 0.5119 0.8811 0.2902 0.0211 0.3676 0.3816 0.9196 0.7162 0.9264 0.4503 0.2897 0.8777 0.7396 0.1180 0.0084 0.3827 0.8861 0.1978 0.2280 0.9795 0.6286 0.3645 0.2597 0.9204 0.0661 0.4683 0.9857 0.1418
48 48
24.8076
0.0412 0.5777 0.5713 0.8712 0.0687 0.1207 0.2986 0.8484 0.3883 0.2554 0.3550 0.0927 0.2560 0.2508 0.4403 0.5514 0.0328 0.0327 0.7005 0.3364 0.0770 0.3877 0.8495 0.3424 0.3159 0.8224 0.3608 0.8511 0.6342 0.3284 0.2978 0.8678 0.3578 0.3393 0.4436 0.5837 0.9582 0.8127 0.6251 0.1159 0.9844 0.7320 0.4016 0.9820 0.6635 0.6170 0.5636 0.2857
48 48
16.8181
0.7514 0.8686 0.4216 0.5403 0.7596 0.9029 0.4762 0.1048 0.3304 0.7281 0.0608 0.7002 0.1077 0.4373 0.6165 0.6027 0.4103 0.3526 0.7825 0.3494 0.8544 0.4390 0.6967 0.7730 0.2600 0.3269 0.7774 0.8015 0.1255 0.6676 0.1349 0.5639 0.2455 0.1798 0.0599 0.9798 0.1205 0.1207 0.4552 0.2785 0.7499 0.0970 0.9343 0.2696 0.4134 0.5532 0.6999 0.7560
47 47
18.7635
0.4983 0.1493 0.0111 0.8742 0.5654 0.3908 0.2418 0.9850 0.0189 0.3840 0.4807 0.8205 0.2768 0.2425 0.9038 0.2331 0.5251 0.5181 0.8926 0.1033 0.2421 0.5581 0.6145 0.4639 0.2665 0.2434 0.5704 0.1150 0.9898 0.7581 0.6420 0.1739 0.9269 0.7617 0.6835 0.5849 0.4701 0.6214 0.5164 0.6877 0.8168 0.4941 0.8991 0.9907 0.7506 0.5869 0.5792
48 48
23.5820
0.8416 0.0880 0.4033 0.1276 0.4753 0.7332 0.1457 0.3407 0.9923 0.0664 0.4312 0.6016 0.6034 0.0739 0.8180 0.1942 0.0494 0.4548 0.9823 0.0835 0.4281 0.4609 0.4979 0.2850 0.0875 0.2759 0.3157 0.6333 0.9363 0.9041 0.7041 0.2370 0.2447 0.5540 0.3585 0.5348 0.3720 0.0459 0.1344 0.8886 0.7606 0.0786 0.4649 0.4565 0.6646 0.9887 0.6971 0.6054
49 49
16.2268
0.9796 0.6134 0.7387 0.8876 0.7237 0.7895 0.9533 0.4566 0.8307 0.6022 0.0440 0.3195 0.2535 0.6061 0.6772 0.1049 0.5379 0.8474 0.0971 0.8365 0.8298 0.7550 0.9729 0.0996 0.3986 0.9489 0.7601 0.9152 0.3858 0.6772 0.1601 0.5718 0.2590 0.9684 0.0238 0.7362 0.8615 0.9728 0.7044 0.7363 0.1918 0.1508 0.2933 0.5764 0.2298 0.3955 0.8574 0.1411 0.0174
50 50
19.0725
0.2786 0.6053 0.3613 0.5478 0.6066 0.9773 0.2465 0.9497 0.5963 0.7216 0.9973 0.4292 0.7385 0.0991 0.5111 0.8309 0.3650 0.6413 0.7172 0.5399 0.0218 0.4549 0.1960 0.2860 0.2570 0.3173 0.6521 0.3164 0.2216 0.7903 0.0919 0.7737 0.9248 0.8531 0.1928 0.9645 0.4327 0.1954 0.2621 0.9828 0.5690 0.6785 0.4875 0.2814 0.7892 0.4579 0.6508 0.3941 0.4718 0.7648
1 1
1.0000
0.0000
50 50
1.0000
0.0000 0.0000 0.0000 0.0000 0.0000 0.0000 0.0000 0.0000 0.0000 0.0000 0.0000 0.0000 0.0000 0.0000 0.0000 0.0000 0.0000 0.0000 0.0000 0.0000 0.0000 0.0000 0.0000 0.0000 0.0000 0.0000 0.0000 0.0000 0.0000 0.0000 0.0000 0.0000 0.0000 0.0000 0.0000 0.0000 0.0000 0.0000 0.0000 0.0000 0.0000 0.0000 0.0000 0.0000 0.0000 0.0000 0.0000 0.0000 0.0000 0.0000
45 45
21.2082
0.3298 0.4639 0.7182 0.6805 0.7944 0.7426 0.5006 0.4418 0.0700 0.0729 0.1620 0.2067 0.3309 0.2532 0.8898 0.2885 0.0538 0.1594 0.2402 0.2260 0.4506 0.4919 0.3659 0.6324 0.3509 0.0444 0.4010 0.7626 0.5311 0.5377 0.3170 0.4022 0.5612 0.9433 0.2632 0.2131 0.0606 0.9092 0.9298 0.6077 0.1536 0.4514 0.7516 0.1478 0.4593
46 46
19.2940
0.0427 0.6940 0.9449 0.9414 0.6376 0.3845 0.2193 0.4043 0.2870 0.1027 0.9101 0.7844 0.2509 0.8243 0.8405 0.8795 0.9178 0.2331 0.6828 0.4478 0.6778 0.9152 0.8153 0.0090 0.1625 0.6587 0.1740 0.0552 0.0077 0.1244 0.1652 0.0035 0.3443 0.2303 0.9679 0.0234 0.9779 0.3201 0.3445 0.9403 0.7034 0.6588 0.0254 0.5265 0.0878 0.5355
50 50
14.9171
0.4777 0.8605 0.1123 0.9183 0.7801 0.8498 0.4110 0.4437 0.3708 0.9192 0.3844 0.2587 0.7375 0.2999 0.2126 0.8913 0.2321 0.5472 0.8833 0.3247 0.2838 0.6565 0.8929 0.0356 0.1040 0.9345 0.3295 0.9645 0.4194 0.5089 0.9902 0.5157 0.9949 0.1594 0.5771 0.8820 0.2363 0.7611 0.9269 0.0596 0.5432 0.9352 0.1605 0.9469 0.1521 0.9526 0.6794 0.5896 0.1607 0.5235
46 46
18.0855
0.1315 0.5381 0.7199 0.0455 0.2628 0.3697 0.2192 0.0619 0.1509 0.0194 0.8003 0.9174 0.5282 0.4252 0.9612 0.1881 0.6426 0.7510 0.7672 0.1124 0.5207 0.4722 0.4915 0.3764 0.5375 0.9792 0.3029 0.2812 0.8855 0.1605 0.9879 0.9219 0.6399 0.2194 0.6575 0.9402 0.3308 0.2323 0.3043 0.3764 0.5396 0.0676 0.3950 0.8782 0.1292 0.6827
2 2
0.3333
0.0000 0.0000
47 47
17.8929
0.2629 0.9717 0.8403 0.1079 0.0910 0.0753 0.0490 0.7616 0.1395 0.4063 0.1666 0.1379 0.0255 0.1941 0.6034 0.9639 0.2617 0.6989 0.6085 0.4022 0.1290 0.6641 0.7916 0.9223 0.2295 0.0642 0.1147 0.3605 0.7002 0.1540 0.7882 0.1077 0.8021 0.3222 0.4993 0.8137 0.2032 0.2143 0.7396 0.8396 0.7911 0.9386 0.2960 0.9079 0.4726 0.3244 0.4694
50 50
50.0000
0.0000 0.0000 0.0000 0.0000 0.0000 0.0000 0.0000 0.0000 0.0000 0.0000 0.0000 0.0000 0.0000 0.0000 0.0000 0.0000 0.0000 0.0000 0.0000 0.0000 0.0000 0.0000 0.0000 0.0000 0.0000 0.0000 0.0000 0.0000 0.0000 0.0000 0.0000 0.0000 0.0000 0.0000 0.0000 0.0000 0.0000 0.0000 0.0000 0.0000 0.0000 0.0000 0.0000 0.0000 0.0000 0.0000 0.0000 0.0000 0.0000 0.0000
45 45
20.0172
0.1043 0.5350 0.5719 0.4561 0.7262 0.0460 0.0188 0.8730 0.5429 0.0626 0.5965 0.7311 0.6858 0.2705 0.0073 0.0333 0.9497 0.4757 0.9096 0.5598 0.0525 0.4997 0.1443 0.5019 0.5512 0.3360 0.6045 0.1204 0.0578 0.2165 0.2762 0.6218 0.3994 0.2185 0.7763 0.8140 0.0700 0.7420 0.9184 0.5974 0.5139 0.1137 0.6861 0.2106 0.7930
47 47
20.8441
0.2580 0.0713 0.8579 0.8738 0.6565 0.8352 0.7016 0.4617 0.1562 0.6751 0.7232 0.4970 0.2607 0.9863 0.3470 0.5843 0.3595 0.6253 0.1028 0.1123 0.7030 0.6871 0.6133 0.0833 0.0514 0.7827 0.8660 0.4533 0.7172 0.1043 0.6562 0.4143 0.6222 0.1443 0.2883 0.3099 0.9049 0.1094 0.8877 0.1676 0.3730 0.0811 0.2291 0.0102 0.3128 0.6266 0.8549
4 4
0.0001
0.0000 0.0000 0.0000 0.0000
45 45
19.2903
0.1588 0.6527 0.7205 0.3544 0.3743 0.0547 0.2470 0.4187 0.2191 0.8449 0.0102 0.5142 0.1285 0.9629 0.3664 0.1478 0.3160 0.4556 0.8106 0.8495 0.8404 0.9194 0.1695 0.9217 0.6081 0.3591 0.5226 0.6531 0.3098 0.8561 0.5174 0.9301 0.3565 0.0372 0.8426 0.0690 0.9711 0.8076 0.0618 0.5391 0.1121 0.9584 0.1388 0.0143 0.0447
50 50
18.8549
0.3427 0.5419 0.5035 0.4268 0.1793 0.3373 0.5125 0.3933 0.1015 0.2580 0.6768 0.3642 0.0319 0.2289 0.0996 0.9754 0.9710 0.6041 0.2563 0.4892 0.7888 0.1186 0.5236 0.5654 0.8796 0.7866 0.2837 0.7817 0.7221 0.7241 0.1781 0.6902 0.5302 0.6670 0.8539 0.8477 0.7910 0.0732 0.1659 0.2364 0.1551 0.2186 0.2005 0.8346 0.0658 0.3506 0.4186 0.3418 0.4026 0.6773
49 49
17.8884
0.5225 0.0485 0.8695 0.7292 0.2902 0.2530 0.1332 0.4385 0.0383 0.4663 0.3529 0.3708 0.7259 0.4769 0.1098 0.0947 0.3703 0.0240 0.3554 0.2756 0.9498 0.6031 0.0858 0.2779 0.7419 0.7512 0.6667 0.5336 0.8627 0.9235 0.6194 0.5009 0.5873 0.6896 0.3432 0.1880 0.4501 0.9480 0.2896 0.7348 0.1033 0.1657 0.5490 0.8190 0.0238 0.7054 0.7339 0.5250 0.5371
47 47
20.4688
0.5495 0.1470 0.1817 0.2040 0.2074 0.1679 0.0042 0.6651 0.7829 0.5305 0.0740 0.2402 0.3462 0.0583 0.0505 0.4894 0.7463 0.3111 0.4539 0.1814 0.6663 0.0892 0.9095 0.4661 0.4940 0.4245 0.0299 0.1293 0.0166 0.5124 0.6551 0.0333 0.0639 0.2124 0.3750 0.9214 0.4672 0.2270 0.4380 0.0012 0.9817 0.6708 0.0600 0.8643 0.2136 0.7947 0.6639
47 47
19.4910
0.1183 0.0274 0.6980 0.8191 0.5197 0.6769 0.2523 0.0409 0.3835 0.0783 0.4804 0.2156 0.2602 0.4229 0.9360 0.6571 0.7832 0.2209 0.9426 0.3666 0.4737 0.4909 0.8956 0.9528 0.5563 0.1950 0.3444 0.0612 0.9666 0.6047 0.4327 0.9528 0.0038 0.8359 0.5185 0.3283 0.4971 0.8937 0.9634 0.6248 0.5243 0.5360 0.1104 0.4908 0.4616 0.5920 0.2562
50 50
0.0000
0.8765 0.8765 0.8765 0.8765 0.8765 0.8765 0.8765 0.8765 0.8765 0.8765 0.8765 0.8765 0.8765 0.8765 0.8765 0.8765 0.8765 0.8765 0.8765 0.8765 0.8765 0.8765 0.8765 0.8765 0.8765 0.8765 0.8765 0.8765 0.8765 0.8765 0.8765 0.8765 0.8765 0.8765 0.8765 0.8765 0.8765 0.8765 0.8765 0.8765 0.8765 0.8765 0.8765 0.8765 0.8765 0.8765 0.8765 0.8765 0.8765 0.8765
47 47
14.5960
0.1295 0.2113 0.0937 0.6697 0.8501 0.4746 0.5406 0.6424 0.7645 0.1133 0.6576 0.6014 0.8162 0.0993 0.6333 0.1560 0.7433 0.0552 0.6746 0.3296 0.8750 0.0234 0.6246 0.8921 0.7992 0.4796 0.9758 0.7914 0.8023 0.9625 0.7236 0.6968 0.2950 0.1834 0.4944 0.8198 0.6699 0.9063 0.5164 0.0768 0.4910 0.5618 0.4848 0.6394 0.9759 0.8370 0.8750
47 47
22.4034
0.3229 0.1057 0.3038 0.8421 0.8428 0.1988 0.6360 0.9174 0.0478 0.1549 0.5475 0.8894 0.0712 0.9572 0.3047 0.6856 0.7222 0.7875 0.1538 0.9060 0.4285 0.5090 0.2604 0.1195 0.2261 0.4910 0.1862 0.1452 0.1690 0.3743 0.8187 0.5246 0.0742 0.8319 0.7480 0.7165 0.1347 0.0690 0.5780 0.9332 0.1460 0.2640 0.8037 0.2233 0.6994 0.0257 0.3813
50 50
0.0049
0.9999 0.9999 0.9999 0.9999 0.9999 0.9999 0.9999 0.9999 0.9999 0.9999 0.9999 0.9999 0.9999 0.9999 0.9999 0.9999 0.9999 0.9999 0.9999 0.9999 0.9999 0.9999 0.9999 0.9999 0.9999 0.9999 0.9999 0.9999 0.9999 0.9999 0.9999 0.9999 0.9999 0.9999 0.9999 0.9999 0.9999 0.9999 0.9999 0.9999 0.9999 0.9999 0.9999 0.9999 0.9999 0.9999 0.9999 0.9999 0.9999 0.9999
2 2
0.5000
0.5000 0.5000
50 50
1.0000
0.3333 0.3333 0.3333 0.3333 0.3333 0.3333 0.3333 0.3333 0.3333 0.3333 0.3333 0.3333 0.3333 0.3333 0.3333 0.3333 0.3333 0.3333 0.3333 0.3333 0.3333 0.3333 0.3333 0.3333 0.3333 0.3333 0.3333 0.3333 0.3333 0.3333 0.3333 0.3333 0.3333 0.3333 0.3333 0.3333 0.3333 0.3333 0.3333 0.3333 0.3333 0.3333 0.3333 0.3333 0.3333 0.3333 0.3333 0.3333 0.3333 0.3333
2 2
0.3333
0.5000 0.5000
50 50
0.6901
0.7205 0.6759 0.2215 0.8871 0.9641 0.1090 0.6196 0.0863 0.8764 0.8265 0.7742 0.2187 0.5983 0.8733 0.2443 0.1546 0.3483 0.2683 0.6915 0.5109 0.7417 0.6598 0.3512 0.9926 0.7951 0.7287 0.1224 0.2665 0.9438 0.0770 0.8091 0.7255 0.0539 0.3337 0.5154 0.3303 0.1761 0.5160 0.3724 0.9318 0.0507 0.7744 0.2108 0.1842 0.0857 0.6986 0.3158 0.2791 0.0932 0.8928
1 1
0.0000
1.0000
45 45
17.1187
0.7722 0.1283 0.6701 0.8651 0.0418 0.6938 0.2632 0.0005 0.2476 0.2778 0.2415 0.6417 0.1604 0.8681 0.3721 0.1393 0.2884 0.2013 0.5595 0.2189 0.6049 0.0185 0.8720 0.0225 0.4663 0.1110 0.4667 0.3423 0.3923 0.6285 0.9559 0.5684 0.5999 0.5117 0.5038 0.2163 0.3463 0.8305 0.6301 0.1811 0.4785 0.7320 0.4033 0.3709 0.4695
4 4
1.3999
0.8000 0.6000 0.7000 0.5000
50 50
0.0000
0.0000 0.0000 0.0000 0.0000 0.0000 0.0000 0.0000 0.0000 0.0000 0.0000 0.0000 0.0000 0.0000 0.0000 0.0000 0.0000 0.0000 0.0000 0.0000 0.0000 0.0000 0.0000 0.0000 0.0000 0.0000 0.0000 0.0000 0.0000 0.0000 0.0000 0.0000 0.0000 0.0000 0.0000 0.0000 0.0000 0.0000 0.0000 0.0000 0.0000 0.0000 0.0000 0.0000 0.0000 0.0000 0.0000 0.0000 0.0000 0.0000 0.0000
45 45
15.0676
0.0519 0.8148 0.8758 0.0512 0.3907 0.0422 0.4144 0.9439 0.4138 0.6646 0.8371 0.8916 0.9657 0.5184 0.1544 0.2029 0.4459 0.9812 0.3719 0.1793 0.2547 0.9553 0.5528 0.9115 0.5543 0.4742 0.4980 0.8131 0.2860 0.6279 0.3627 0.7811 0.4881 0.4362 0.8847 0.1266 0.6609 0.4433 0.2108 0.7396 0.0753 0.7896 0.2516 0.1535 0.1521
45 45
18.8550
0.7430 0.4063 0.7718 0.8080 0.2603 0.5915 0.6510 0.2241 0.2702 0.8304 0.6474 0.3121 0.5390 0.3817 0.7475 0.2149 0.2604 0.4387 0.6147 0.4587 0.0898 0.6629 0.3766 0.6349 0.0591 0.6244 0.4777 0.9284 0.3412 0.2252 0.9331 0.8295 0.2438 0.1265 0.4386 0.6474 0.0808 0.6059 0.5804 0.7584 0.0154 0.0805 0.9805 0.7331 0.1623
50 50
0.0000
0.8700 0.8700 0.8700 0.8700 0.8700 0.8700 0.8700 0.8700 0.8700 0.8700 0.8700 0.8700 0.8700 0.8700 0.8700 0.8700 0.8700 0.8700 0.8700 0.8700 0.8700 0.8700 0.8700 0.8700 0.8700 0.8700 0.8700 0.8700 0.8700 0.8700 0.8700 0.8700 0.8700 0.8700 0.8700 0.8700 0.8700 0.8700 0.8700 0.8700 0.8700 0.8700 0.8700 0.8700 0.8700 0.8700 0.8700 0.8700 0.8700 0.8700
50 50
0.0050
0.9999 0.9999 0.9999 0.9999 0.9999 0.9999 0.9999 0.9999 0.9999 0.9999 0.9999 0.9999 0.9999 0.9999 0.9999 0.9999 0.9999 0.9999 0.9999 0.9999 0.9999 0.9999 0.9999 0.9999 0.9999 0.9999 0.9999 0.9999 0.9999 0.9999 0.9999 0.9999 0.9999 0.9999 0.9999 0.9999 0.9999 0.9999 0.9999 0.9999 0.9999 0.9999 0.9999 0.9999 0.9999 0.9999 0.9999 0.9999 0.9999 0.9999
48 48
18.6443
0.3773 0.5713 0.5365 0.1669 0.0624 0.5748 0.1524 0.0648 0.2230 0.6202 0.0444 0.8412 0.1737 0.8423 0.7566 0.5812 0.9800 0.5510 0.9511 0.3341 0.8476 0.1901 0.7048 0.1928 0.1306 0.3957 0.7800 0.5071 0.4166 0.3052 0.3417 0.1715 0.4504 0.1527 0.3634 0.6432 0.8047 0.2383 0.4144 0.7864 0.0142 0.1886 0.9673 0.3022 0.4204 0.7310 0.0729 0.5223
45 45
18.1330
0.4020 0.8471 0.9813 0.4791 0.4994 0.3985 0.4669 0.6717 0.9320 0.4285 0.9647 0.7772 0.2847 0.5857 0.5305 0.2940 0.9447 0.0849 0.4603 0.3473 0.1119 0.6953 0.8797 0.7208 0.9967 0.7284 0.1449 0.2551 0.7347 0.2921 0.6272 0.4493 0.3838 0.7047 0.2887 0.2019 0.2620 0.9176 0.9149 0.5209 0.0271 0.4200 0.0359 0.4656 0.8145
50 50
33.3350
0.3333 0.3333 0.3333 0.3333 0.3333 0.3333 0.3333 0.3333 0.3333 0.3333 0.3333 0.3333 0.3333 0.3333 0.3333 0.3333 0.3333 0.3333 0.3333 0.3333 0.3333 0.3333 0.3333 0.3333 0.3333 0.3333 0.3333 0.3333 0.3333 0.3333 0.3333 0.3333 0.3333 0.3333 0.3333 0.3333 0.3333 0.3333 0.3333 0.3333 0.3333 0.3333 0.3333 0.3333 0.3333 0.3333 0.3333 0.3333 0.3333 0.3333
1 1
0.3333
0.5000
50 50
22.2207
0.8707 0.7077 0.9351 0.3275 0.5641 0.5940 0.4557 0.5093 0.2960 0.2710 0.0230 0.5991 0.2316 0.6091 0.3294 0.9571 0.3231 0.6902 0.8503 0.5654 0.3784 0.0283 0.0645 0.2903 0.5686 0.1558 0.4884 0.5903 0.0914 0.2755 0.9431 0.7579 0.6702 0.6794 0.1937 0.0823 0.3930 0.1782 0.7264 0.3140 0.3354 0.0846 0.5580 0.2211 0.2560 0.4203 0.3691 0.5715 0.3946 0.2109
2 2
0.0000
1.0000 1.0000
48 48
19.8193
0.4905 0.7576 0.6778 0.1205 0.4984 0.0734 0.5122 0.5142 0.2572 0.6602 0.7985 0.5997 0.0558 0.3529 0.2105 0.2700 0.5486 0.3041 0.8398 0.5856 0.4041 0.5577 0.9953 0.8911 0.7308 0.1822 0.9858 0.0969 0.0125 0.9284 0.9158 0.2711 0.6136 0.4086 0.0784 0.7539 0.8272 0.4285 0.9263 0.5895 0.7373 0.5402 0.8116 0.2634 0.2736 0.6250 0.5954 0.1835
48 48
16.9063
0.9306 0.6810 0.8085 0.1788 0.0207 0.3218 0.2449 0.4005 0.6470 0.8067 0.1252 0.3652 0.5795 0.5955 0.8475 0.4598 0.9211 0.6963 0.3394 0.2492 0.7946 0.2172 0.1649 0.5449 0.6513 0.9598 0.9357 0.3384 0.8736 0.2050 0.4054 0.8985 0.7560 0.0709 0.1344 0.0270 0.9064 0.5802 0.9391 0.5125 0.9366 0.5962 0.0490 0.5530 0.0340 0.0262 0.0623 0.2638
45 45
15.9199
0.8160 0.6169 0.3694 0.8168 0.1790 0.3595 0.5984 0.9878 0.4208 0.3580 0.4986 0.9057 0.6103 0.5819 0.9092 0.4432 0.3197 0.5505 0.9883 0.0578 0.1921 0.8593 0.4232 0.3586 0.3959 0.8635 0.3131 0.8494 0.4266 0.0360 0.4603 0.6632 0.7652 0.6836 0.8106 0.7647 0.0938 0.9816 0.1396 0.4284 0.7998 0.8201 0.8757 0.6311 0.4085
50 50
0.0000
1.0000 1.0000 1.0000 1.0000 1.0000 1.0000 1.0000 1.0000 1.0000 1.0000 1.0000 1.0000 1.0000 1.0000 1.0000 1.0000 1.0000 1.0000 1.0000 1.0000 1.0000 1.0000 1.0000 1.0000 1.0000 1.0000 1.0000 1.0000 1.0000 1.0000 1.0000 1.0000 1.0000 1.0000 1.0000 1.0000 1.0000 1.0000 1.0000 1.0000 1.0000 1.0000 1.0000 1.0000 1.0000 1.0000 1.0000 1.0000 1.0000 1.0000
50 50
18.7804
0.3744 0.9462 0.1298 0.9498 0.3524 0.2474 0.7211 0.1838 0.0375 0.7554 0.6630 0.6059 0.4539 0.8474 0.3771 0.2992 0.0533 0.2019 0.6224 0.3683 0.0795 0.5861 0.1439 0.2990 0.2763 0.2532 0.7498 0.1799 0.7436 0.7494 0.2456 0.4238 0.2975 0.2671 0.1261 0.4888 0.9383 0.2079 0.8286 0.9566 0.9701 0.2244 0.6414 0.0114 0.0133 0.7299 0.8157 0.4990 0.9941 0.0925
50 50
21.5144
0.1964 0.5091 0.9072 0.7699 0.2042 0.3683 0.2037 0.1252 0.1161 0.1424 0.8130 0.5493 0.5924 0.4399 0.2600 0.5020 0.9198 0.6611 0.9460 0.8158 0.9094 0.5847 0.4858 0.1645 0.9057 0.2880 0.0589 0.9646 0.2093 0.3056 0.8814 0.4679 0.2868 0.0881 0.2701 0.9619 0.4091 0.1414 0.2954 0.7271 0.1903 0.6625 0.4807 0.6891 0.8551 0.4707 0.5759 0.8046 0.3666 0.7018
46 46
17.0847
0.1477 0.8010 0.7366 0.5837 0.6376 0.2269 0.6827 0.8703 0.7386 0.5187 0.4255 0.9140 0.2864 0.3631 0.9502 0.4191 0.3244 0.7393 0.8073 0.6104 0.8042 0.0816 0.5756 0.6743 0.3459 0.0312 0.8279 0.4177 0.5777 0.2013 0.5105 0.9650 0.8164 0.8234 0.5128 0.9148 0.2645 0.4243 0.6150 0.1588 0.2994 0.7543 0.6311 0.3761 0.0432 0.1138
49 49
2.2603
0.2831 0.5509 0.3545 0.4606 0.8691 0.6857 0.4856 0.2235 0.8561 0.6942 0.5352 0.7064 0.7481 0.6047 0.4581 0.2869 0.0852 0.8378 0.6873 0.6125 0.7809 0.1329 0.7932 0.8354 0.7001 0.4379 0.7444 0.7694 0.4266 0.2017 0.7961 0.0739 0.1160 0.0706 0.3850 0.5095 0.3106 0.8491 0.1679 0.5337 0.2368 0.4795 0.9229 0.5347 0.2062 0.7213 0.5154 0.1762 0.5165
50 50
18.2720
0.3583 0.2021 0.2319 0.3111 0.2010 0.7123 0.2737 0.3521 0.6837 0.6034 0.9881 0.5655 0.7575 0.4871 0.5635 0.6615 0.2381 0.0243 0.6345 0.1920 0.2183 0.0861 0.2098 0.7964 0.9382 0.7264 0.7253 0.5878 0.1231 0.6320 0.7113 0.9779 0.9263 0.2255 0.7685 0.8984 0.4524 0.2393 0.5910 0.5190 0.5202 0.8631 0.5108 0.9607 0.3505 0.5449 0.1730 0.7759 0.9865 0.8771
1 1
0.5000
0.5000
48 48
17.9751
0.7238 0.5900 0.9150 0.1080 0.4445 0.0315 0.4787 0.6611 0.8464 0.0868 0.2212 0.7088 0.0401 0.5492 0.7798 0.3233 0.3569 0.4898 0.0700 0.6363 0.2284 0.4330 0.7073 0.1006 0.4468 0.1571 0.2785 0.5463 0.9835 0.3072 0.5140 0.3882 0.5689 0.3873 0.4963 0.9682 0.3468 0.7311 0.5091 0.9251 0.1366 0.9937 0.1261 0.8316 0.2655 0.1857 0.4029 0.8474
49 49
18.0037
0.7218 0.4980 0.5101 0.6872 0.0287 0.5128 0.0969 0.3989 0.9740 0.9157 0.1672 0.3132 0.4107 0.9847 0.7622 0.9878 0.3474 0.7917 0.9674 0.4318 0.9368 0.5888 0.8928 0.1765 0.7698 0.7609 0.0541 0.5896 0.3053 0.1335 0.5029 0.3080 0.6684 0.8112 0.3824 0.9350 0.1264 0.1039 0.9181 0.9796 0.8694 0.9090 0.2820 0.6625 0.0059 0.9575 0.0316 0.2371 0.9156
50 50
18.2657
0.5273 0.3930 0.5211 0.9252 0.2028 0.7151 0.4347 0.1427 0.4671 0.4061 0.2672 0.7080 0.5694 0.2105 0.2721 0.6965 0.0480 0.1373 0.6696 0.4013 0.0071 0.9241 0.5433 0.3095 0.8098 0.6465 0.3630 0.6600 0.0216 0.7932 0.5811 0.2479 0.3270 0.7027 0.9745 0.3032 0.8854 0.3879 0.5345 0.8778 0.2855 0.6022 0.9024 0.4033 0.3524 0.4702 0.1084 0.7360 0.4591 0.6390
45 45
17.8267
0.2703 0.0588 0.6700 0.8793 0.1730 0.9596 0.4957 0.6691 0.1712 0.1858 0.7632 0.9687 0.8177 0.4480 0.5876 0.6629 0.3219 0.6116 0.5109 0.2419 0.1311 0.7077 0.5095 0.8266 0.4241 0.3046 0.1663 0.0232 0.3395 0.9384 0.6584 0.1994 0.1129 0.5616 0.3975 0.2232 0.8540 0.0235 0.1507 0.8439 0.4647 0.6098 0.9840 0.2917 0.5357
47 47
0.5837
0.8867 0.6586 0.3950 0.3793 0.4740 0.1457 0.7012 0.5026 0.9918 0.5064 0.8283 0.6248 0.1213 0.4096 0.8207 0.5603 0.8738 0.8463 0.3682 0.8177 0.5646 0.5373 0.0082 0.7335 0.3602 0.2756 0.8003 0.7619 0.4499 0.7970 0.2916 0.7741 0.7999 0.9160 0.2976 0.0304 0.6696 0.5956 0.2637 0.6131 0.4186 0.0343 0.1291 0.6048 0.7167 0.9137 0.3154
47 47
22.2366
0.2597 0.5515 0.5280 0.1607 0.5707 0.3087 0.7412 0.6445 0.2236 0.4156 0.5323 0.5603 0.4608 0.2748 0.9935 0.2946 0.9898 0.4615 0.2028 0.6902 0.1423 0.4241 0.8168 0.4171 0.7475 0.2274 0.3463 0.7759 0.6328 0.1788 0.4385 0.0568 0.6909 0.4093 0.5645 0.7916 0.1668 0.8141 0.7892 0.8629 0.0792 0.7268 0.9066 0.3114 0.2741 0.1552 0.9651
47 47
18.1260
0.1887 0.1063 0.5946 0.0346 0.8091 0.0112 0.4845 0.2522 0.5900 0.3712 0.6889 0.8166 0.0480 0.9943 0.7918 0.3654 0.9908 0.7939 0.6800 0.7788 0.4799 0.3056 0.0671 0.3825 0.0209 0.9725 0.8252 0.9498 0.9830 0.9397 0.7734 0.5747 0.5375 0.7432 0.4458 0.0746 0.3574 0.4032 0.9793 0.3776 0.7580 0.1624 0.1181 0.8829 0.1733 0.0789 0.2202
47 47
17.3465
0.1706 0.2158 0.2327 0.0202 0.0150 0.0838 0.6572 0.4560 0.6973 0.0377 0.2819 0.0748 0.8136 0.3439 0.5420 0.2164 0.7720 0.8283 0.8380 0.5038 0.4469 0.2625 0.8605 0.4733 0.3764 0.2455 0.4805 0.7579 0.7608 0.7788 0.9557 0.4956 0.2538 0.4141 0.6516 0.0909 0.6033 0.4136 0.9752 0.7471 0.0613 0.1127 0.9461 0.8550 0.1649 0.4931 0.3631
47 47
2.2784
0.6562 0.9460 0.1259 0.9963 0.8840 0.1637 0.3204 0.1539 0.4495 0.0708 0.9917 0.5550 0.8489 0.6506 0.4354 0.9042 0.1427 0.8193 0.2346 0.9770 0.3084 0.8419 0.6641 0.3364 0.5519 0.1277 0.7511 0.7939 0.8156 0.1005 0.6852 0.8278 0.6587 0.7586 0.9056 0.0239 0.2816 0.1902 0.4923 0.1370 0.6483 0.3553 0.1028 0.1664 0.1305 0.3635 0.7958
45 45
17.0002
0.8979 0.5577 0.3302 0.5543 0.4600 0.3013 0.9978 0.1983 0.9410 0.5716 0.2972 0.2338 0.6235 0.1129 0.1504 0.2002 0.1689 0.4933 0.5606 0.1269 0.8227 0.7957 0.0628 0.8255 0.1116 0.3804 0.9157 0.2060 0.6909 0.9297 0.6360 0.8002 0.4164 0.1624 0.6707 0.0111 0.6628 0.7841 0.6138 0.8150 0.8620 0.7864 0.4094 0.2678 0.9683
