100
2 2
0.50 0.50
4 2
0.00 0.00 1.00 1.00
3 2
0.50 0.75 1.00
16 6
0.51 0.51 0.51 0.50 0.49 0.50 0.49 0.49 0.49 0.50 0.51 0.51 0.51 0.50 0.50 0.49
8 4
1.00 1.00 1.00 1.00 1.00 1.00 1.00 1.00
4 2
1.00 1.00 1.00 0.00
16 8
0.00 0.04 1.00 0.07 0.08 0.94 0.97 0.99 0.01 0.06 1.00 0.90 0.08 0.94 0.03 0.93
16 8
0.08 0.73 0.06 0.52 0.02 0.00 0.66 0.40 0.96 0.69 0.08 0.04 0.05 0.99 0.07 0.03
8 4
1.00 1.00 1.00 1.00 1.00 1.00 1.00 0.00
3 2
0.50 0.50 0.50
2 2
0.00 0.00
3 2
0.30 0.50 0.80
16 6
0.62 0.47 0.69 0.33 0.65 0.68 0.50 0.34 0.53 0.37 0.67 0.70 0.40 0.59 0.67 0.65
2 2
0.00 1.00
2 2
1.00 1.00
16 6
0.98 0.98 0.99 1.00 0.98 1.00 1.00 1.00 0.98 1.00 0.99 1.00 0.98 0.98 1.00 0.98
16 10
0.98 0.98 1.00 0.98 1.00 0.98 0.99 0.99 0.98 1.00 0.98 0.98 1.00 0.98 0.98 0.98
8 6
1.00 1.00 0.00 1.00 1.00 1.00 1.00 0.00
16 14
0.60 0.06 0.03 0.04 0.00 0.66 0.07 0.09 0.09 0.07 0.04 0.66 0.70 0.07 0.10 0.06
4 4
0.00 1.00 0.00 1.00
8 2
0.00 0.00 0.00 1.00 1.00 0.00 1.00 1.00
16 6
0.61 0.71 0.22 0.12 0.54 0.87 0.85 0.56 0.84 0.13 0.23 0.10 0.68 0.22 0.12 0.95
8 2
1.00 1.00 0.00 0.00 1.00 1.00 0.00 1.00
16 6
0.57 0.48 0.56 0.55 0.53 0.57 0.50 0.49 0.50 0.55 0.54 0.54 0.56 0.54 0.48 0.48
8 2
1.00 1.00 1.00 1.00 1.00 1.00 0.00 0.00
12 12
0.80 0.54 0.65 0.89 0.71 0.05 0.11 0.92 0.01 0.35 0.69 0.03
8 4
0.00 0.00 1.00 1.00 0.00 1.00 1.00 0.00
16 12
0.05 0.06 0.05 0.02 0.02 0.02 0.70 0.01 0.09 0.06 0.70 0.07 0.70 0.06 0.05 0.66
16 8
0.00 0.86 0.61 0.00 0.97 0.71 0.60 0.00 0.00 0.61 0.62 0.01 0.96 0.02 0.02 0.01
4 2
1.00 1.00 0.98 0.00
16 8
0.67 0.68 0.52 0.98 0.98 0.81 1.00 0.66 0.99 1.00 1.00 0.99 0.99 0.96 0.62 0.96
16 10
0.47 0.61 0.69 0.57 0.52 0.69 0.42 0.43 0.56 0.76 0.37 0.58 0.39 0.59 0.75 0.78
4 4
0.01 0.01 0.98 0.99
4 2
0.02 0.00 1.00 0.00
16 2
0.98 0.98 0.99 0.98 1.00 0.99 0.98 0.98 1.00 1.00 0.98 0.98 0.99 0.98 0.98 1.00
8 6
0.00 1.00 0.00 1.00 1.00 1.00 1.00 0.00
16 12
0.66 0.70 0.06 0.63 0.70 0.08 0.60 0.08 0.67 0.62 0.10 0.67 0.66 0.64 0.62 0.69
16 4
0.08 0.64 0.70 0.65 0.64 0.60 0.67 0.69 0.09 0.66 0.00 0.65 0.10 0.68 0.60 0.70
8 6
1.00 1.00 1.00 1.00 1.00 1.00 1.00 1.00
16 6
0.00 0.02 0.00 0.01 0.02 0.01 0.01 0.00 0.02 0.01 0.02 0.01 0.00 0.02 0.02 0.02
3 2
0.10 0.50 0.80
8 2
1.00 1.00 1.00 1.00 1.00 1.00 1.00 0.00
3 2
0.04 0.02 0.01
16 8
0.00 0.94 0.97 0.05 0.94 0.90 0.97 0.10 1.00 0.07 0.03 0.10 0.08 0.91 0.00 0.97
16 6
0.54 0.26 0.56 0.35 0.26 0.37 0.33 0.23 0.53 0.35 0.23 0.47 0.28 0.58 0.30 0.57
16 8
0.62 0.57 0.43 0.65 0.47 0.56 0.69 0.41 0.43 0.51 0.60 0.72 0.39 0.45 0.55 0.55
16 8
0.04 0.43 0.99 0.99 0.99 0.34 0.26 0.99 0.15 0.31 0.16 0.98 0.98 0.98 1.00 0.37
16 6
0.51 0.46 0.54 0.48 0.41 0.54 0.51 0.41 0.55 0.47 0.55 0.56 0.47 0.38 0.57 0.57
16 8
0.00 0.01 0.00 0.15 0.01 0.00 0.02 0.48 0.03 0.28 0.34 0.31 0.42 0.02 0.22 0.02
16 2
0.51 0.50 0.51 0.50 0.50 0.51 0.50 0.50 0.51 0.51 0.49 0.50 0.49 0.49 0.50 0.50
12 6
0.41 0.39 0.67 0.16 0.20 0.85 0.47 0.44 0.72 0.73 0.21 0.70
12 12
0.40 0.91 0.63 0.57 0.60 0.00 0.38 0.19 0.87 0.55 0.16 0.16
16 10
0.00 0.00 0.00 0.01 0.00 0.02 0.02 0.02 0.02 0.02 0.02 0.00 0.02 0.01 0.00 0.02
16 8
0.73 0.38 0.12 0.02 0.01 0.68 0.03 0.01 0.04 0.53 0.08 0.09 0.02 0.10 0.99 0.36
16 10
0.64 0.60 0.03 0.68 0.61 0.64 0.70 0.63 0.62 0.07 0.60 0.07 0.69 0.66 0.01 0.67
16 8
0.10 0.94 0.05 0.03 0.92 0.91 0.07 0.90 0.93 0.02 0.03 0.98 0.92 0.94 0.07 0.00
2 2
0.45 0.05
16 8
0.05 0.35 0.43 0.02 0.46 0.01 0.25 0.00 0.02 0.01 0.00 0.02 0.35 0.22 0.17 0.00
16 14
0.31 0.84 0.79 0.59 0.77 0.76 0.35 0.35 0.43 0.57 0.74 0.42 0.00 0.30 0.00 0.22
16 2
0.31 0.33 0.47 0.56 0.54 0.41 0.55 0.37 0.60 0.39 0.48 0.60 0.48 0.62 0.59 0.36
16 2
0.02 0.00 0.01 0.00 0.00 0.01 0.01 0.02 0.01 0.01 0.01 0.02 0.00 0.02 0.02 0.00
16 14
0.02 0.01 0.01 0.01 0.01 0.01 0.00 0.00 0.01 0.00 0.00 0.01 0.02 0.00 0.00 0.02
16 6
0.00 0.09 0.60 0.09 0.64 0.03 0.68 0.07 0.04 0.67 0.10 0.09 0.04 0.03 0.00 0.00
16 10
0.37 0.57 0.37 0.31 0.49 0.40 0.40 0.70 0.70 0.58 0.69 0.36 0.43 0.68 0.63 0.61
8 2
1.00 1.00 1.00 1.00 1.00 1.00 1.00 1.00
8 4
1.00 0.00 1.00 0.00 0.00 1.00 1.00 1.00
16 8
0.99 0.45 0.16 0.98 0.08 0.02 0.99 0.99 1.00 0.32 0.99 0.01 0.98 0.35 0.99 0.44
8 4
1.00 0.00 1.00 1.00 0.00 1.00 1.00 1.00
4 2
0.00 1.00 0.00 0.00
16 14
0.46 0.55 0.65 0.63 0.40 0.62 0.66 0.52 0.53 0.47 0.38 0.59 0.52 0.42 0.50 0.53
16 6
0.50 0.54 0.49 0.48 0.55 0.48 0.49 0.54 0.57 0.50 0.54 0.57 0.56 0.53 0.55 0.56
16 8
0.00 0.00 0.70 0.02 0.08 0.07 0.00 0.68 0.05 0.06 0.66 0.08 0.00 0.02 0.60 0.00
16 10
0.67 0.86 0.56 0.06 0.48 0.34 0.58 0.64 0.95 0.77 0.86 0.13 0.19 0.72 0.32 0.70
4 2
0.98 0.01 0.99 0.01
16 4
0.67 0.01 0.08 0.08 0.02 0.65 0.08 0.68 0.67 0.06 0.00 0.10 0.09 0.05 0.04 0.01
4 2
0.00 0.00 0.00 0.00
8 6
0.00 0.00 1.00 1.00 1.00 0.00 0.00 1.00
4 2
0.00 0.00 0.02 0.00
16 2
0.06 0.63 0.62 0.06 0.62 0.02 0.70 0.65 0.05 0.65 0.66 0.68 0.69 0.62 0.61 0.64
8 6
1.00 1.00 1.00 0.00 1.00 1.00 1.00 1.00
4 4
0.50 0.50 0.50 0.50
16 8
0.02 0.00 0.00 0.80 0.71 0.62 0.00 0.00 0.67 0.67 0.95 0.02 0.01 0.01 0.95 0.74
16 8
0.69 0.98 0.93 0.98 1.00 0.65 0.99 0.99 0.59 1.00 0.72 0.98 0.66 0.55 1.00 0.83
3 2
1.00 0.00 0.00
16 14
0.98 0.98 0.99 0.99 0.99 0.98 0.98 0.99 0.99 0.99 0.98 1.00 0.98 1.00 0.98 0.98
2 2
0.00 0.50
16 10
0.61 0.56 0.52 0.43 0.77 0.42 0.69 0.37 0.58 0.57 0.39 0.75 0.47 0.59 0.76 0.69
16 2
0.10 0.00 0.04 0.04 0.07 0.10 0.66 0.03 0.60 0.70 0.06 0.10 0.01 0.04 0.08 0.68
16 8
0.51 0.45 0.68 0.39 0.43 0.72 0.55 0.65 0.57 0.47 0.55 0.43 0.41 0.62 0.60 0.56
16 14
0.08 0.64 0.68 0.62 0.70 0.70 0.62 0.60 0.60 0.03 0.06 0.63 0.69 0.07 0.67 0.69
16 14
0.51 0.51 0.50 0.49 0.51 0.50 0.51 0.51 0.49 0.49 0.51 0.51 0.49 0.49 0.50 0.49
16 10
0.51 0.49 0.49 0.50 0.51 0.50 0.51 0.51 0.51 0.49 0.51 0.49 0.49 0.50 0.50 0.50
16 6
0.61 0.65 0.63 0.62 0.60 0.63 0.03 0.70 0.68 0.00 0.66 0.64 0.60 0.66 0.00 0.05
16 6
0.26 0.28 0.53 0.56 0.37 0.56 0.47 0.26 0.23 0.58 0.33 0.54 0.35 0.30 0.23 0.35
16 2
0.59 0.69 0.29 0.49 0.75 0.18 0.96 0.18 0.00 0.47 0.55 0.74 0.45 0.71 0.36 0.37
3 2
0.40 0.60 0.50
16 10
0.10 0.08 0.67 0.09 0.06 0.67 0.08 0.10 0.61 0.06 0.07 0.03 0.00 0.02 0.64 0.09
16 8
0.68 0.61 0.70 0.10 0.61 0.61 0.65 0.66 0.65 0.67 0.04 0.67 0.05 0.64 0.61 0.09
16 6
0.57 0.47 0.41 0.41 0.48 0.51 0.56 0.47 0.57 0.55 0.39 0.54 0.55 0.54 0.46 0.51
16 8
0.33 0.24 0.28 0.06 0.01 0.71 0.03 0.00 0.05 0.05 0.07 0.94 0.04 0.00 0.68 0.35
