100
2 2
0.50 0.50
4 2
0.00 0.00 1.00 1.00
3 2
0.50 0.75 1.00
16 8
0.48 0.55 0.53 0.48 0.52 0.44 0.46 0.55 0.43 0.55 0.54 0.53 0.46 0.44 0.54 0.47
16 2
0.67 0.05 0.69 0.09 0.69 0.68 0.04 0.68 0.66 0.69 0.65 0.09 0.60 0.66 0.61 0.66
2 2
0.00 1.00
16 8
0.64 0.03 0.03 0.64 0.68 0.65 0.69 0.07 0.61 0.67 0.62 0.09 0.69 0.64 0.68 0.62
16 2
0.00 0.04 0.01 0.07 0.06 0.08 0.62 0.05 0.65 0.70 0.06 0.70 0.05 0.08 0.06 0.04
16 12
0.64 0.68 0.64 0.62 0.02 0.68 0.68 0.10 0.65 0.69 0.08 0.62 0.66 0.07 0.69 0.69
16 8
0.14 0.31 0.08 0.04 0.09 0.01 0.19 0.09 0.43 0.41 0.08 0.09 0.08 0.39 0.04 0.72
8 4
1.00 1.00 1.00 1.00 1.00 1.00 1.00 1.00
16 6
0.30 0.15 0.16 0.59 0.33 0.30 0.62 0.79 0.32 0.15 0.26 0.51 0.72 0.35 0.59 0.45
8 2
1.00 1.00 1.00 1.00 1.00 1.00 1.00 1.00
16 14
0.04 0.92 0.01 0.34 0.28 0.22 0.44 0.34 0.15 0.51 0.40 0.06 0.29 0.35 0.36 0.17
3 2
0.50 0.50 0.50
12 10
0.97 0.69 0.44 0.04 0.64 0.87 0.94 0.94 0.42 1.00 0.59 0.03
16 6
0.03 0.07 0.08 0.04 0.69 0.62 0.62 0.10 0.06 0.03 0.01 0.00 0.06 0.68 0.00 0.04
16 2
0.51 0.49 0.49 0.49 0.51 0.50 0.49 0.50 0.51 0.51 0.50 0.51 0.49 0.51 0.50 0.50
8 6
1.00 1.00 1.00 0.00 1.00 0.00 0.00 0.00
16 10
0.46 0.55 0.50 0.46 0.53 0.53 0.46 0.52 0.51 0.54 0.53 0.54 0.46 0.52 0.50 0.53
16 14
0.02 0.00 0.02 0.02 0.01 0.00 0.01 0.01 0.01 0.00 0.02 0.00 0.02 0.02 0.00 0.01
8 4
1.00 1.00 0.00 1.00 1.00 1.00 1.00 1.00
8 4
0.00 1.00 0.00 1.00 1.00 0.00 1.00 1.00
2 2
0.05 0.45
16 8
0.98 0.80 0.41 0.32 0.05 0.21 0.00 0.05 0.02 0.33 0.32 0.63 0.01 0.00 0.07 0.09
16 14
0.98 0.98 1.00 0.98 0.98 0.99 1.00 0.98 0.99 0.98 0.99 0.98 0.99 1.00 0.99 0.99
16 8
0.02 0.46 0.40 0.01 0.18 0.19 0.00 0.00 0.38 0.02 0.26 0.44 0.02 0.01 0.35 0.01
16 8
0.44 0.24 0.33 0.33 0.43 0.61 0.25 0.35 0.65 0.48 0.58 0.19 0.54 0.42 0.21 0.20
8 4
1.00 0.00 0.00 1.00 0.00 0.00 1.00 1.00
2 2
1.00 1.00
16 6
0.99 0.99 1.00 0.99 1.00 0.99 1.00 1.00 0.99 0.99 0.98 1.00 0.98 0.99 0.99 1.00
16 6
0.35 0.34 0.66 0.62 0.32 0.56 0.52 0.42 0.48 0.46 0.50 0.52 0.31 0.31 0.42 0.49
16 6
0.50 0.50 0.51 0.51 0.51 0.49 0.51 0.51 0.49 0.49 0.50 0.51 0.50 0.49 0.51 0.51
8 6
1.00 1.00 0.00 1.00 0.00 1.00 0.00 1.00
16 14
0.00 0.64 0.06 0.01 0.68 0.05 0.03 0.02 0.09 0.04 0.08 0.68 0.03 0.64 0.04 0.07
3 2
0.30 0.80 0.50
16 10
1.00 0.98 1.00 0.99 0.98 0.98 0.98 1.00 1.00 0.98 0.99 1.00 1.00 0.99 1.00 0.98
16 10
0.52 0.51 0.54 0.54 0.50 0.46 0.46 0.55 0.53 0.54 0.46 0.52 0.53 0.46 0.53 0.50
16 8
0.02 0.93 0.73 0.76 0.65 0.71 0.74 0.02 0.83 0.02 0.01 0.01 0.00 0.01 0.71 0.01
16 2
0.56 0.45 0.51 0.54 0.42 0.54 0.54 0.39 0.70 0.67 0.62 0.63 0.66 0.31 0.40 0.67
16 2
0.01 0.02 0.01 0.01 0.00 0.02 0.01 0.00 0.00 0.00 0.01 0.01 0.02 0.02 0.01 0.01
16 2
0.14 0.89 0.70 0.93 0.02 0.17 0.35 0.00 0.49 0.80 0.25 0.03 0.36 0.39 0.35 0.36
4 2
0.02 0.00 0.00 0.00
16 10
0.51 0.49 0.50 0.51 0.49 0.49 0.51 0.50 0.49 0.51 0.51 0.50 0.49 0.49 0.51 0.50
4 2
0.98 1.00 1.00 0.00
16 10
0.07 0.03 0.05 0.01 0.03 0.01 0.03 0.10 0.60 0.69 0.02 0.06 0.05 0.67 0.62 0.09
4 2
0.00 1.00 0.00 0.00
3 2
0.04 0.02 0.01
2 2
0.00 0.50
16 8
0.54 0.54 0.43 0.44 0.47 0.48 0.55 0.52 0.53 0.53 0.55 0.44 0.48 0.54 0.46 0.46
8 2
1.00 1.00 1.00 0.00 1.00 1.00 1.00 1.00
16 8
0.92 0.83 0.99 0.98 0.98 0.66 0.91 0.95 0.56 0.98 1.00 1.00 0.98 0.55 0.51 0.98
2 2
0.00 0.00
16 8
0.99 0.99 0.30 0.15 0.98 0.10 1.00 0.98 0.41 0.33 0.42 0.98 0.27 0.41 1.00 0.99
16 10
0.02 0.02 0.00 0.02 0.00 0.02 0.00 0.00 0.02 0.00 0.00 0.01 0.00 0.00 0.01 0.00
16 14
0.47 0.33 0.38 0.49 0.53 0.48 0.60 0.53 0.47 0.48 0.60 0.57 0.46 0.37 0.31 0.67
16 10
0.67 0.67 0.65 0.04 0.65 0.70 0.01 0.62 0.68 0.64 0.64 0.03 0.70 0.68 0.64 0.02
16 4
0.61 0.70 0.04 0.01 0.70 0.68 0.69 0.07 0.65 0.03 0.66 0.60 0.66 0.62 0.68 0.67
16 8
0.93 0.93 0.02 0.03 0.95 0.97 0.94 0.92 0.01 0.00 0.08 0.07 0.01 0.99 0.09 0.90
16 10
0.36 0.55 0.33 0.56 0.33 0.43 0.45 0.54 0.38 0.56 0.36 0.68 0.55 0.50 0.42 0.54
16 2
1.00 0.99 0.99 0.99 0.98 0.99 1.00 0.99 0.98 0.99 0.98 0.99 0.99 1.00 0.99 0.98
16 8
0.42 0.61 0.66 0.44 0.71 0.54 0.59 0.76 0.60 0.43 0.43 0.56 0.67 0.32 0.54 0.52
3 2
0.00 1.00 0.00
4 2
0.01 0.01 0.99 0.98
16 8
0.94 0.93 0.10 0.02 0.00 0.07 0.99 0.03 0.05 0.93 0.05 0.90 1.00 0.96 0.93 0.04
4 4
0.99 0.01 0.01 0.98
16 14
0.51 0.51 0.49 0.50 0.49 0.50 0.51 0.49 0.50 0.51 0.49 0.49 0.49 0.50 0.49 0.49
16 8
0.01 0.08 0.06 0.67 0.04 0.03 0.07 0.62 0.62 0.06 0.02 0.07 0.65 0.01 0.03 0.09
8 4
1.00 1.00 0.00 1.00 1.00 1.00 1.00 0.00
16 8
1.00 0.72 0.99 0.99 0.98 0.56 0.54 1.00 0.51 1.00 0.95 0.83 0.84 1.00 0.81 1.00
12 6
0.63 0.39 0.38 0.52 0.40 0.30 0.65 0.08 0.86 0.52 0.05 0.94
4 2
0.00 1.00 1.00 1.00
16 6
0.61 0.79 0.33 0.16 0.30 0.30 0.45 0.15 0.26 0.35 0.59 0.72 0.51 0.59 0.32 0.15
4 2
1.00 0.00 0.00 0.02
16 8
0.44 0.01 0.08 0.02 0.20 0.02 0.00 0.02 0.39 0.01 0.10 0.01 0.15 0.25 0.44 0.00
16 8
0.99 0.99 0.31 0.24 1.00 0.98 0.35 0.45 0.39 1.00 1.00 0.05 0.27 0.28 1.00 0.98
4 2
0.00 0.00 0.00 0.00
16 8
0.54 0.02 0.01 0.70 0.02 0.01 0.63 0.54 0.87 0.01 0.81 0.00 0.00 0.67 0.02 0.94
16 14
0.67 0.00 0.65 0.63 0.64 0.65 0.05 0.67 0.62 0.62 0.66 0.01 0.05 0.62 0.60 0.63
16 8
0.65 0.24 0.42 0.21 0.54 0.44 0.43 0.61 0.19 0.25 0.33 0.57 0.48 0.20 0.33 0.35
8 2
1.00 0.00 0.00 1.00 1.00 0.00 1.00 1.00
16 8
0.05 0.02 0.02 0.95 0.95 0.92 0.96 0.08 0.05 0.90 0.98 0.05 0.09 0.08 0.91 0.99
16 8
0.59 0.71 0.67 0.44 0.60 0.54 0.43 0.52 0.32 0.56 0.66 0.61 0.54 0.76 0.42 0.44
8 2
1.00 1.00 1.00 1.00 0.00 0.00 1.00 1.00
12 6
0.15 0.48 1.00 0.54 0.79 0.01 0.75 0.75 0.01 0.13 0.97 0.03
8 6
1.00 1.00 1.00 1.00 1.00 1.00 1.00 1.00
16 12
0.06 0.04 0.04 0.66 0.68 0.09 0.09 0.02 0.03 0.00 0.66 0.09 0.05 0.63 0.03 0.00
3 2
0.50 0.80 0.10
4 4
0.50 0.50 0.50 0.50
16 10
0.89 0.24 0.50 0.20 0.52 0.76 0.41 0.95 0.51 0.70 0.78 0.56 0.10 0.57 0.49 0.06
8 2
1.00 1.00 1.00 0.00 1.00 0.00 0.00 0.00
3 2
0.50 0.60 0.40
16 6
0.26 1.00 0.08 0.10 0.68 0.31 0.50 0.74 0.33 0.13 0.95 0.98 0.58 0.43 0.20 0.81
8 6
1.00 0.00 1.00 1.00 1.00 1.00 1.00 1.00
16 6
0.02 0.01 0.02 0.01 0.00 0.01 0.01 0.00 0.01 0.02 0.01 0.01 0.01 0.02 0.01 0.02
16 8
0.63 0.03 0.02 0.00 0.95 0.53 0.02 0.86 0.85 0.37 0.90 0.10 0.04 0.05 0.06 0.06
16 6
0.69 0.67 0.70 0.64 0.69 0.66 0.05 0.01 0.66 0.08 0.69 0.70 0.60 0.01 0.64 0.65
4 4
1.00 0.00 1.00 0.00
16 4
0.01 0.05 0.64 0.07 0.06 0.64 0.03 0.05 0.08 0.09 0.06 0.69 0.60 0.06 0.06 0.01
8 6
1.00 1.00 0.00 1.00 1.00 1.00 1.00 0.00
