100
2 2
0.50 0.50
4 2
0.00 0.00 1.00 1.00
3 2
0.50 0.75 1.00
16 6
0.82 0.64 0.18 0.50 0.52 0.81 0.61 0.65 0.59 0.63 0.85 0.52 0.78 0.47 0.72 0.51
16 10
0.01 0.02 0.01 0.00 0.01 0.02 0.01 0.01 0.01 0.01 0.00 0.01 0.02 0.01 0.02 0.00
8 2
1.00 1.00 1.00 0.00 1.00 1.00 1.00 1.00
8 6
1.00 0.00 1.00 1.00 1.00 1.00 1.00 0.00
3 2
0.01 0.04 0.02
16 6
0.60 0.07 0.67 0.67 0.67 0.62 0.06 0.60 0.66 0.02 0.60 0.62 0.62 0.00 0.61 0.63
8 6
0.00 1.00 1.00 0.00 1.00 0.00 1.00 1.00
2 2
0.00 1.00
8 2
1.00 1.00 1.00 1.00 1.00 1.00 1.00 1.00
16 2
1.00 0.99 0.98 1.00 0.99 1.00 0.99 1.00 1.00 0.99 0.99 0.99 0.98 1.00 0.99 1.00
8 4
1.00 0.00 1.00 0.00 1.00 1.00 1.00 1.00
16 8
0.00 0.70 0.02 0.00 1.00 0.02 0.78 0.02 0.86 0.85 0.94 0.01 0.92 0.01 0.00 0.92
8 2
1.00 1.00 1.00 1.00 1.00 0.00 0.00 0.00
16 10
1.00 0.98 0.99 0.99 1.00 1.00 1.00 0.98 1.00 1.00 0.99 1.00 0.98 0.98 0.98 0.98
16 4
0.63 0.70 0.01 0.68 0.69 0.01 0.70 0.66 0.63 0.03 0.09 0.67 0.63 0.65 0.64 0.69
16 8
0.03 0.78 0.04 0.05 0.04 0.24 0.00 0.06 0.04 0.34 0.09 0.02 0.00 0.05 0.51 0.10
2 2
0.00 0.50
16 14
0.70 0.54 0.65 0.44 0.50 0.70 0.39 0.62 0.42 0.65 0.31 0.46 0.34 0.70 0.47 0.57
16 6
0.01 0.00 0.01 0.00 0.00 0.01 0.01 0.01 0.00 0.01 0.01 0.01 0.01 0.00 0.00 0.00
16 8
0.65 0.10 0.01 0.02 0.03 0.10 0.10 0.78 0.78 0.04 0.08 0.22 0.12 0.85 0.11 0.55
16 10
0.49 0.50 0.51 0.51 0.50 0.51 0.51 0.51 0.51 0.49 0.50 0.50 0.49 0.50 0.51 0.51
16 2
0.59 0.19 0.62 0.00 0.79 0.55 0.46 0.94 0.80 0.96 0.84 0.67 0.70 0.73 0.81 0.85
16 8
0.46 0.44 0.01 0.31 0.00 0.17 0.34 0.01 0.06 0.30 0.01 0.01 0.00 0.02 0.05 0.01
16 6
0.98 1.00 0.99 1.00 0.98 1.00 0.99 0.99 0.98 0.99 0.99 1.00 1.00 0.99 1.00 1.00
4 4
0.01 0.01 0.98 0.99
3 2
0.50 0.50 0.50
3 2
0.10 0.50 0.80
4 4
0.50 0.50 0.50 0.50
12 4
0.30 0.57 0.75 0.82 0.49 0.87 0.07 0.97 0.49 0.37 0.63 0.00
4 2
0.00 0.02 1.00 0.00
4 2
0.00 0.00 0.00 0.00
3 2
0.40 0.60 0.50
16 14
0.00 0.00 0.02 0.01 0.01 0.00 0.01 0.02 0.01 0.01 0.00 0.02 0.01 0.01 0.02 0.02
8 2
1.00 1.00 0.00 1.00 0.00 1.00 1.00 1.00
2 2
0.05 0.45
16 12
0.08 0.62 0.10 0.65 0.07 0.04 0.01 0.61 0.02 0.01 0.69 0.06 0.03 0.06 0.10 0.06
16 8
0.00 0.95 0.93 0.07 0.07 0.06 0.94 0.93 0.00 0.00 0.01 0.98 0.93 0.09 0.94 0.93
8 2
1.00 0.00 0.00 0.00 0.00 1.00 1.00 1.00
8 6
0.00 0.00 0.00 1.00 0.00 1.00 1.00 1.00
8 4
1.00 1.00 1.00 1.00 1.00 1.00 1.00 0.00
16 8
0.45 0.60 0.61 0.50 0.63 0.46 0.69 0.67 0.51 0.52 0.41 0.53 0.43 0.40 0.56 0.51
16 10
0.43 0.32 0.28 0.52 0.63 0.56 0.55 0.37 0.39 0.42 0.20 0.29 0.32 0.59 0.64 0.52
16 8
0.12 1.00 0.99 0.99 0.00 0.04 0.07 0.05 1.00 0.07 0.99 0.21 0.13 0.99 0.99 0.99
16 8
0.57 0.69 0.63 0.78 0.64 0.47 0.64 0.68 0.67 0.55 0.62 0.66 0.43 0.41 0.46 0.66
16 8
0.66 0.64 0.69 0.47 0.67 0.57 0.78 0.46 0.66 0.68 0.43 0.61 0.41 0.63 0.64 0.55
8 4
1.00 1.00 0.00 1.00 0.00 1.00 0.00 1.00
16 2
0.66 0.01 0.00 0.60 0.64 0.60 0.65 0.70 0.63 0.69 0.61 0.01 0.65 0.64 0.05 0.66
16 8
0.60 0.62 0.68 0.02 0.68 0.68 0.67 0.69 0.05 0.69 0.65 0.68 0.04 0.61 0.65 0.03
16 14
0.07 0.67 0.18 0.46 0.76 0.14 0.97 0.13 1.00 0.03 0.55 0.85 0.66 0.11 0.88 0.45
2 2
1.00 1.00
16 14
0.49 0.49 0.49 0.50 0.50 0.49 0.49 0.49 0.49 0.51 0.49 0.50 0.49 0.49 0.50 0.50
16 8
0.98 0.98 0.58 0.71 0.98 0.99 0.65 0.67 0.70 0.98 0.98 0.68 0.99 1.00 1.00 0.98
16 14
0.99 0.98 0.98 0.99 0.99 0.98 0.99 0.99 0.98 1.00 0.99 1.00 0.99 0.99 0.98 0.99
4 2
0.00 0.00 0.00 1.00
16 2
0.42 0.43 0.37 0.40 0.54 0.37 0.69 0.39 0.68 0.67 0.47 0.48 0.62 0.57 0.50 0.38
12 12
0.98 0.32 0.02 0.49 0.85 0.50 0.88 0.58 0.98 0.96 0.79 0.54
3 2
0.80 0.30 0.50
16 10
0.51 0.49 0.47 0.42 0.48 0.52 0.59 0.52 0.58 0.55 0.49 0.35 0.47 0.57 0.39 0.48
12 8
0.89 0.64 0.34 0.92 0.81 0.26 0.78 0.20 0.25 0.50 0.29 0.01
16 10
0.49 0.48 0.59 0.47 0.48 0.52 0.42 0.39 0.51 0.47 0.53 0.55 0.57 0.49 0.35 0.58
16 6
0.77 0.26 0.84 0.47 0.09 0.44 0.95 0.76 0.23 0.29 0.20 0.66 0.06 0.68 0.46 0.98
16 8
0.00 0.98 0.26 0.32 1.00 0.13 0.49 0.08 0.99 0.98 1.00 1.00 1.00 0.05 0.43 1.00
16 6
0.78 0.18 0.82 0.59 0.52 0.63 0.85 0.64 0.46 0.52 0.61 0.81 0.50 0.72 0.51 0.65
4 2
0.00 0.00 0.02 0.00
16 6
0.07 0.08 0.01 0.00 0.08 0.01 0.06 0.03 0.09 0.63 0.08 0.64 0.63 0.08 0.64 0.05
16 10
0.64 0.60 0.61 0.08 0.66 0.66 0.06 0.61 0.68 0.67 0.60 0.06 0.04 0.64 0.68 0.70
16 14
0.01 0.63 0.61 0.08 0.69 0.63 0.67 0.67 0.10 0.64 0.68 0.66 0.62 0.60 0.66 0.10
16 8
0.01 0.01 0.83 0.01 0.67 0.73 0.01 0.80 0.01 0.89 0.00 0.73 0.85 0.02 0.01 0.52
4 2
1.00 1.00 0.00 1.00
8 4
1.00 1.00 1.00 1.00 1.00 1.00 1.00 1.00
16 4
0.04 0.08 0.70 0.09 0.02 0.03 0.00 0.63 0.03 0.61 0.03 0.06 0.10 0.67 0.01 0.04
16 8
0.52 0.41 0.63 0.45 0.66 0.69 0.53 0.51 0.43 0.50 0.56 0.61 0.60 0.40 0.46 0.51
16 8
0.00 0.16 0.01 0.00 0.11 0.29 0.35 0.18 0.00 0.01 0.00 0.41 0.47 0.00 0.01 0.49
16 2
0.08 0.08 0.08 0.02 0.05 0.03 0.01 0.66 0.04 0.65 0.05 0.10 0.66 0.09 0.70 0.07
16 10
0.04 0.02 0.09 0.68 0.01 0.10 0.05 0.68 0.09 0.68 0.04 0.05 0.01 0.60 0.01 0.02
16 8
0.57 0.00 0.68 0.02 0.03 0.07 0.08 0.14 0.07 0.64 0.19 0.05 0.06 0.03 0.09 0.97
16 14
0.04 0.08 0.04 0.10 0.05 0.69 0.04 0.68 0.63 0.01 0.66 0.02 0.09 0.06 0.02 0.08
8 6
1.00 1.00 1.00 1.00 1.00 1.00 1.00 1.00
16 10
0.66 0.41 0.40 0.45 0.30 0.40 0.46 0.62 0.49 0.65 0.30 0.31 0.31 0.32 0.64 0.40
16 10
0.02 0.55 0.97 0.98 0.75 0.24 0.71 0.19 0.98 0.72 0.96 0.74 0.37 0.20 0.03 0.54
8 6
1.00 1.00 1.00 1.00 1.00 1.00 0.00 1.00
16 2
0.49 0.50 0.51 0.51 0.51 0.49 0.51 0.51 0.51 0.49 0.50 0.49 0.49 0.51 0.51 0.49
2 2
0.00 0.00
16 10
0.32 0.28 0.64 0.39 0.37 0.56 0.63 0.55 0.59 0.42 0.29 0.43 0.52 0.52 0.19 0.32
16 8
0.58 0.99 1.00 0.79 0.99 0.99 0.57 0.98 0.67 0.98 0.58 0.63 0.84 0.83 1.00 0.99
3 2
0.00 1.00 0.00
16 8
0.95 0.96 1.00 0.04 0.09 0.95 0.07 0.98 0.00 0.10 0.06 0.10 0.99 0.95 0.99 0.04
16 8
0.02 0.01 0.10 0.09 0.65 0.00 0.69 0.02 0.03 0.03 0.03 0.00 0.09 0.01 0.61 0.64
4 2
0.98 0.99 0.01 0.01
16 6
0.49 0.50 0.50 0.51 0.51 0.50 0.51 0.49 0.50 0.51 0.51 0.51 0.51 0.50 0.49 0.51
16 12
0.00 0.70 0.61 0.70 0.65 0.66 0.02 0.62 0.62 0.66 0.62 0.69 0.67 0.05 0.10 0.60
16 8
1.00 0.94 0.96 0.06 0.09 0.08 0.04 0.98 0.91 0.07 0.06 0.09 0.90 0.93 0.04 1.00
4 4
0.00 0.00 1.00 1.00
4 2
1.00 1.00 0.00 0.98
8 4
1.00 0.00 0.00 1.00 1.00 0.00 0.00 1.00
16 6
0.53 0.55 0.56 0.60 0.44 0.31 0.58 0.44 0.50 0.34 0.43 0.50 0.61 0.59 0.40 0.65
16 2
0.02 0.01 0.01 0.01 0.02 0.02 0.01 0.01 0.00 0.02 0.00 0.02 0.02 0.00 0.01 0.01
